1 0.0891563957 0.2135878150 -0.2290648235 
2 0.0814750571 0.2081710838 -0.3575187004 
3 0.1334359462 0.2157185045 -0.2558212276 
4 0.1285423065 0.2122041596 -0.3375024602 
5 0.1782894091 0.2195516830 -0.2591725894 
6 0.1735802238 0.2160508520 -0.3403388263 
7 0.2247361601 0.2249087502 -0.2395657139 
8 0.2175721362 0.2189734104 -0.3671555993

U0 1.4149770000 1.2458090000 -0.8166060000
g0 -0.7509892872 -0.5455175064 0.3720560593
U1 -1.4149710000 1.1113620000 -1.3034690000
g1 0.7372647752 -0.4677545193 0.4874906367
pp0 0.0804566543 0.2764153965 -0.1554562481
pp1 0.0984272142 0.1511929020 -0.3027871774
p0 -0.2629022455 0.0270000000 0.0146510509
p1 0.2941774383 0.0270000000 -0.1733541643
1 0.0156375964 0.0270000000 -0.0793515567 
U0 1.4149770000 1.2458090000 -0.8166060000
g0 -0.7684321755 -0.5602013198 0.3093323962
U1 -1.4149710000 1.1113620000 -1.3034690000
g1 0.7587653277 -0.4844304780 0.4354343118
pp0 0.0717090063 0.2665416984 -0.2758734272
pp1 0.0909860761 0.1498901462 -0.4392421317
p0 -0.2568720625 0.0270000000 -0.1436031077
p1 0.2834693866 0.0270000000 -0.3287813149
2 0.0132986620 0.0270000000 -0.2361922113 
U0 1.4149770000 1.2458090000 -0.8166060000
g0 -0.7441246575 -0.5585159423 0.3665220509
U1 -1.4149710000 1.1113620000 -1.3034690000
g1 0.7521997289 -0.4621246205 0.4697202908
pp0 0.1243682801 0.2771197648 -0.1809106899
pp1 0.1426099799 0.1544399331 -0.3308185686
p0 -0.2088724929 0.0270000000 -0.0167714018
p1 0.3500438168 0.0270000000 -0.2012839803
3 0.0705856620 0.0270000000 -0.1090276911 
U0 1.4149770000 1.2458090000 -0.8166060000
g0 -0.7555044516 -0.5682956421 0.3259649073
U1 -1.4149710000 1.1113620000 -1.3034690000
g1 0.7656906230 -0.4722109088 0.4367327200
pp0 0.1189267950 0.2709111263 -0.2574208304
pp1 0.1380051626 0.1536223293 -0.4176863049
p0 -0.2053339032 0.0270000000 -0.1175174742
p1 0.3433234397 0.0270000000 -0.3005773748
4 0.0689947683 0.0270000000 -0.2090474245 
U0 1.4149770000 1.2458090000 -0.8166060000
g0 -0.7335649371 -0.5685844408 0.3722823996
U1 -1.4149710000 1.1113620000 -1.3034690000
g1 0.7626711760 -0.4531939785 0.4614635772
pp0 0.1693966034 0.2803625924 -0.1844770153
pp1 0.1876512393 0.1590528378 -0.3337826991
p0 -0.1574816944 0.0270000000 -0.0185870840
p1 0.4098803462 0.0270000000 -0.1993202441
5 0.1261993259 0.0270000000 -0.1089536641 
U0 1.4149770000 1.2458090000 -0.8166060000
g0 -0.7451444317 -0.5787232516 0.3314199735
U1 -1.4149710000 1.1113620000 -1.3034690000
g1 0.7758671004 -0.4629285397 0.4286352056
pp0 0.1640422126 0.2742590335 -0.2602242351
pp1 0.1831547679 0.1578249475 -0.4205691236
p0 -0.1543201333 0.0270000000 -0.1186253238
p1 0.4024170600 0.0270000000 -0.2994355717
6 0.1240484633 0.0270000000 -0.2090304478 
U0 1.4149770000 1.2458090000 -0.8166060000
g0 -0.7189158536 -0.5756001878 0.3896721213
U1 -1.4149710000 1.1113620000 -1.3034690000
g1 0.7689694460 -0.4416980080 0.4621575385
pp0 0.2157506551 0.2856480773 -0.1665924117
pp1 0.2337808830 0.1643147197 -0.3125543209
p0 -0.1072968476 0.0270000000 0.0085081999
p1 0.4728374827 0.0270000000 -0.1688791589
7 0.1827703176 0.0270000000 -0.0801854795 
U0 1.4149770000 1.2458090000 -0.8166060000
g0 -0.7373600828 -0.5926145742 0.3242038055
U1 -1.4149710000 1.1113620000 -1.3034690000
g1 0.7893242046 -0.4561379539 0.4109819729
pp0 0.2077208863 0.2755400847 -0.2857974637
pp1 0.2270784939 0.1624476098 -0.4484936468
p0 -0.1015248620 0.0270000000 -0.1498277378
p1 0.4614638941 0.0270000000 -0.3264548526
8 0.1799695160 0.0270000000 -0.2381412952
