b0 origin 2.579945 2.188787 -0.726918 matrix -0.044141 -0.510500 0.858744 -0.004245 0.859670 0.510832 -0.999016 0.018903 -0.040114
b1 origin -2.884214 2.225171 -2.369202 matrix -0.524194 0.488966 -0.697232 0.000164 0.818791 0.574092 0.851599 0.300822 -0.429286


bias = 0.065

#near

1 10.2793111724 -5.0303012120 3.4226569063 6.0216008640 
0.0819056611 0.0224864281 -0.3644353503 
2 8.0009600384 -5.0393015721 5.2407296292 5.5703228129 
0.0833329954 0.0292203392 -0.5062111720 
3 9.9650186007 -5.5197407896 4.0420616825 6.2599303972 
0.1266833631 0.0255860188 -0.3895287053 
4 8.4939997600 -5.5283811352 5.1753870155 5.9672386895 
0.1265323910 0.0290628843 -0.4793554022 
5 10.0672626905 -6.0122404896 4.3124324973 6.5650426017 
0.1698598677 0.0269455963 -0.3882891666 
6 8.5915636625 -6.0095403816 5.4500780031 6.2815312613 
0.1699752033 0.0310831119 -0.4781110415 
7 10.5941437658 -6.4995199808 4.2771510860 6.9561982479 
0.2134039384 0.0284624782 -0.3621350172 
8 8.2353294132 -6.5196807872 6.0541821673 6.5245409816 
0.2144739991 0.0344613498 -0.5033364176

bias = 0.065
#right
#rotated

1 1.3707548302 3.0936037441 4.4891995680 -4.7509300372 
-0.8491585812 0.0043692894 -0.9363523478 
2 1.3829953198 2.1069842794 5.5561022441 -3.2104284171 
-0.7117920809 0.0122584629 -0.9321221141 
3 1.9921396856 2.9053162126 3.9266770671 -4.2411496460 
-0.8236550355 0.0016111818 -0.8880628236 
4 2.0096003840 2.2794311772 4.6107044282 -3.2745109804 
-0.7366112627 0.0066194796 -0.8854536662 
5 2.6093843754 2.9017160686 3.1807272291 -4.0071402856 
-0.8230797312 -0.0016026889 -0.8407167925 
6 2.6410656426 2.2790711628 3.8755550222 -3.0482419297 
-0.7359762580 0.0036522508 -0.8381078676 
7 3.2284291372 3.0849633985 2.2268690748 -4.0463818553 
-0.8479807532 -0.0056254394 -0.7933039438 
8 3.2854914197 2.0996039842 3.3331933277 -2.5498019921 
-0.7107340744 0.0025716864 -0.7896128966 

bias = 0.065
#left
#rotated

1 6.1783871355 -26.9843393736 14.5465618625 13.2859714389 
1.4721561398 0.0739177900 -0.6845254301 
2 5.8943357734 -24.2640705628 14.0877235089 12.6689067563 
1.3418220763 0.0728547105 -0.6901636223 
3 4.9253570143 -26.5116404656 14.9643585743 13.0820232809 
1.4482061500 0.0746534410 -0.7310120918 
4 4.7986319453 -24.7736709468 14.6754470179 12.6831273251 
1.3649205323 0.0737915174 -0.7342689560 
5 3.7328093124 -26.5264010560 15.4606384255 12.9952598104 
1.4474783567 0.0763495121 -0.7760651750 
6 3.6325453018 -24.7893315733 15.1845073803 12.5922236889 
1.3642002366 0.0754704011 -0.7798979121 
7 2.5163206528 -27.0414016561 16.0418816753 13.0130805232 
1.4697794004 0.0778828458 -0.8212310832 
8 2.4306372255 -24.3078123125 15.6165246610 12.3875555022 
1.3392235656 0.0774467453 -0.8269678871

bias= 0.073
#left
#rotated

1 6.0108004320 -27.0187207488 14.6187447498 13.2857914317 
1.4599275031 0.0242294021 -0.6824528047 
2 5.8266530661 -24.2946717869 14.1282251290 12.6696267851 
1.3278763558 0.0239423053 -0.6858696242 
3 4.7689307572 -26.5183007320 15.0282611304 13.0687027481 
1.4345298363 0.0250584881 -0.7292697852 
4 4.7068282731 -24.7812312492 14.7146885875 12.6734069363 
1.3502753054 0.0248010646 -0.7308665554 
5 3.5695427817 -26.5150606024 15.5286811472 12.9704188168 
1.4331971736 0.0267882427 -0.7752661542 
6 3.5438017521 -24.7756510260 15.2322092884 12.5801632065 
1.3493570856 0.0273184573 -0.7773285556 
7 2.3415336613 -27.0034201368 16.1126245050 12.9968798752 
1.4555927182 0.0298070269 -0.8210323839 
8 2.3568342734 -24.2737909516 15.6489259570 12.3657746310 
1.3232288319 0.0294765768 -0.8243037048 
