b0 origin 0.977434 1.939364 -1.519245 
matrix -0.788915 -0.315537 0.527303 0.004979 0.854788 0.518953 -0.614482 0.412035 -0.672785
b1 origin -1.829803 1.862100 -1.044364 
matrix -0.329885 0.456009 -0.826578 -0.002836 0.875110 0.483915 0.944017 0.161980 -0.287393

1 3.2919716789 -13.5883835353 -0.6620664827 -9.5000600024 
-0.0509586824 0.0861337910 -0.2300874539 
2 1.2008280331 -15.4053762150 2.1246249850 -10.2145085803 
-0.0529617521 0.0861827043 -0.3633250686 
3 3.7612504500 -14.4117364695 0.2755910236 -9.0196207848 
-0.0062424669 0.0867960396 -0.2566890022 
4 2.4347773911 -15.5816032641 2.0209408376 -9.4649585983 
-0.0077411946 0.0868095195 -0.3411997559 
5 4.6186247450 -14.8981159246 0.6707068283 -8.4403576143 
0.0378658746 0.0869497280 -0.2578083541 
6 3.3031321253 -16.0903036121 2.4016560662 -8.8768750750 
0.0365688708 0.0868113669 -0.3424154369 
7 5.8545541822 -15.0540021601 0.5893435737 -7.7278891156 
0.0829147294 0.0883867291 -0.2354779539 
8 3.8073322933 -16.9575783031 3.2851314053 -8.3942757710 
0.0812125937 0.0882665565 -0.3684663681

bias = 0.082
