# 0 280
1 -1.0602424097 -9.0507620305 5.1476659066 8.5978639146 
0.3945098549 -0.0022398671 -0.1768475033 
2 -0.5666626665 -8.3696147846 4.8808952358 8.1815072603 
0.3323624514 -0.0033921832 -0.1786373445 
3 -0.7029281171 -8.7559102364 4.9228369135 8.4149765991 
0.3644588233 -0.0025807788 -0.1702193877 
4 -0.7725909036 -9.1420256810 4.9224768991 8.6297251890 
0.3940714310 -0.0022763078 -0.1591152209 
5 -1.0645625825 -9.0545421817 5.1476659066 8.5939037562 
0.3945429954 -0.0025672298 -0.1769617300

# 0 200
1 -2.3690747630 -8.6691467659 6.1674066963 8.4254170167 
0.3966837312 -0.0043685143 -0.2575358157 
2 -1.8632545302 -7.9975399016 5.9146765871 8.0096003840 
0.3348712489 -0.0052684615 -0.2593966092 
3 -1.9944797792 -8.3784351374 5.9528381135 8.2432497300 
0.3666101326 -0.0045804375 -0.2507815175 
4 -2.0799831993 -8.7566302652 5.9416776671 8.4680787231 
0.3965554710 -0.0037681952 -0.2394909645 
5 -2.3643945758 -8.6695067803 6.1659666387 8.4315372615 
0.3969243497 -0.0040438740 -0.2572224764 

# 0 100
1 -3.9457578303 -8.2004080163 7.4607584303 8.2225489020 
0.3998679885 -0.0062708700 -0.3578709726 
2 -3.4222968919 -7.5259210368 7.2208088324 7.8004320173 
0.3373512578 -0.0067649365 -0.3599643519 
3 -3.5731429257 -7.9087963519 7.2427697108 8.0402016081 
0.3697169834 -0.0061569643 -0.3509717597 
4 -3.6584663387 -8.2752910116 7.2233289332 8.2583703348 
0.3987174636 -0.0056920601 -0.3397056475 
5 -3.9452178087 -8.1971678867 7.4591383655 8.2198487940 
0.3995700597 -0.0063098429 -0.3579228376 

# 150 100
1 -2.7357494300 -6.6606264251 6.8827553102 7.2060482419 
0.2531786827 -0.0083903442 -0.3623847179 
2 -2.2437897516 -6.0234009360 6.6233649346 6.7796111844 
0.1913554647 -0.0077755767 -0.3638204238 
3 -2.3768150726 -6.3915156606 6.6550462018 7.0246009840 
0.2236799696 -0.0078698111 -0.3549789432 
4 -2.4569182767 -6.7427097084 6.6381255250 7.2539301572 
0.2530769335 -0.0076861529 -0.3437543242 
5 -2.7325093004 -6.6579263171 6.8789751590 7.2101884075 
0.2531858889 -0.0080823213 -0.3621208920

# 150 200
1 -1.1918276731 -7.1104644186 5.5604224169 7.4319572783 
0.2507252539 -0.0062467507 -0.2616842814 
2 -0.7216488660 -6.4656786271 5.2878915157 7.0017400696 
0.1886432017 -0.0062337431 -0.2634715249 
3 -0.8357734309 -6.8339733589 5.3292931717 7.2447497900 
0.2206496996 -0.0060627087 -0.2545786921 
4 -0.9101164047 -7.1869674787 5.3262330493 7.4740789632 
0.2501468769 -0.0056120581 -0.2437254167 
5 -1.1911076443 -7.1066842674 5.5597023881 7.4296171847 
0.2504122854 -0.0062443533 -0.2617714879

# 150 280
1 0.0750630025 -7.4684987399 4.5093603744 7.6094443778 
0.2482337260 -0.0043479170 -0.1811156997 
2 0.5294011760 -6.8251530061 4.2289091564 7.1866074643 
0.1867972009 -0.0045369327 -0.1827941592 
3 0.4158166327 -7.1866074643 4.2785911436 7.4252970119 
0.2183378393 -0.0040832828 -0.1744599166 
4 0.3609144366 -7.5511220449 4.2789511580 7.6483259330 
0.2477688189 -0.0040213323 -0.1632183873 
5 0.0786631465 -7.4722788912 4.5109804392 7.6166446658 
0.2487421763 -0.0040961765 -0.1808483975 

# 300 280
1 1.1282851314 -5.9821792872 3.8481939278 6.5690027601 
0.1021358559 -0.0062925141 -0.1859098332 
2 1.5549021961 -5.3706948278 3.5481219249 6.1283451338 
0.0405827594 -0.0059255042 -0.1873991769 
3 1.4530181207 -5.7175687027 3.5943837754 6.3778351134 
0.0722614156 -0.0058309969 -0.1786622539 
4 1.4024360974 -6.0567022681 3.6077043082 6.6069842794 
0.1013363608 -0.0060109733 -0.1681039730 
5 1.1326053042 -5.9776791072 3.8372134885 6.5713428537 
0.1018818748 -0.0059976417 -0.1854565631 

# 300 200
1 0.6060842434 -5.1158046322 4.3936157446 5.9715588624 
0.0423121836 -0.0077590875 -0.2500867416 
2 0.3421936877 -5.0403816153 4.6391455658 5.9270970839 
0.0426228412 -0.0081526291 -0.2680307325 
3 0.2295091804 -5.3773550942 4.6843273731 6.1846873875 
0.0744006861 -0.0076470142 -0.2595381329 
4 0.1647065883 -5.7148685947 4.6803672147 6.4284171367 
0.1042301041 -0.0073229746 -0.2483999481 
5 -0.1058442338 -5.6387255490 4.9208568343 6.3846753870 
0.1046105980 -0.0077728154 -0.2663377909

# 300 100
1 -0.8793351734 -4.7012480499 5.7550102004 5.7294491780 
0.0448840512 -0.0097172786 -0.3501281799 
2 -1.1443057722 -4.6288851554 5.9996399856 5.6876875075 
0.0455325479 -0.0100183409 -0.3680128878 
3 -1.2632905316 -4.9627985119 6.0408616345 5.9467178687 
0.0772673276 -0.0097090712 -0.3595765570 
4 -1.3390735629 -5.2909516381 6.0307812312 6.1962078483 
0.1070641731 -0.0091499530 -0.3485405774 
5 -1.6033241330 -5.2158886355 6.2718108724 6.1494059762 
0.1072794609 -0.0097058347 -0.3664685397 

