#0 280
1 9.7522500900 -14.0832233289 -1.1052442098 21.3607344294 
1.1295551023 0.7169013832 0.6298634555 
2 9.2529101164 -13.9316572663 -0.9014760590 21.3411136445 
1.1298554245 0.7164555335 0.6120077572 
3 9.1746069843 -14.6363854554 -0.8323532941 21.4507380295 
1.1612642310 0.7161813536 0.6202539140 
4 9.1836073443 -15.3362534501 -0.7945517821 21.5594623785 
1.1910207998 0.7163014192 0.6307340247 
5 8.6608664347 -15.1724468979 -0.6064442578 21.5420016801 
1.1909559065 0.7160094052 0.6131679723

# 150 280
1 10.9370574823 -11.3402736109 -1.8375135005 20.8678747150 
0.9856973048 0.7173964068 0.6264764394 
2 10.4773190928 -11.1984279371 -1.6395055802 20.8453738150 
0.9855804978 0.7169173183 0.6091011206 
3 10.4251170047 -11.8491539662 -1.5633625345 20.9639985599 
1.0174404483 0.7167819228 0.6175319246 
4 10.4611184447 -12.4755790232 -1.5327613105 21.0752430097 
1.0462680511 0.7168466954 0.6283631163 
5 9.9695187808 -12.3297731909 -1.3243129725 21.0540021601 
1.0465765234 0.7163601904 0.6102439145

# 300 280
1 12.0086403456 -8.8473538942 -2.6252250090 20.3465738630 
0.8412662785 0.7175679029 0.6242491572 
2 11.5661826473 -8.7155886235 -2.4113764551 20.3204728189 
0.8413171848 0.7169985449 0.6062800087 
3 11.5321612865 -9.3031321253 -2.3325333013 20.4430577223 
0.8726962237 0.7167888792 0.6146863383 
4 11.5744629785 -9.8836553462 -2.2981519261 20.5631225249 
0.9019999726 0.7168963893 0.6256368663 
5 11.1203048122 -9.7506300252 -2.0816032641 20.5384615385 
0.9023200519 0.7163231279 0.6075555917 

# 0 200
1 7.5212408496 -13.4256570263 -0.1976479059 21.2737909516 
1.1312750869 0.7147428399 0.5502154427 
2 7.0382815313 -13.2715708628 0.0036001440 21.2581303252 
1.1314593825 0.7146370501 0.5325961248 
3 6.9230769231 -13.9644185767 0.0653426137 21.3751350054 
1.1632836150 0.7147606489 0.5410286617 
4 6.9014760590 -14.6383655346 0.0997239890 21.4806192248 
1.1923834197 0.7146925620 0.5512431122 
5 6.3999759990 -14.4907596304 0.2957518301 21.4573982959 
1.1924446243 0.7138626361 0.5336546378 

# 0 100
1 4.8114124565 -12.6190447618 0.9214568583 21.1553462138 
1.1319419530 0.7114194505 0.4514526750 
2 4.3324132965 -12.4707188288 1.1365654626 21.1335653426 
1.1320191041 0.7108358215 0.4331000203 
3 4.1871474859 -13.1374654986 1.1896675867 21.2534501380 
1.1635659405 0.7111405720 0.4416723617 
4 4.1270250810 -13.7971918877 1.2166686667 21.3621744870 
1.1928325213 0.7111359803 0.4520261056 
5 3.6341653666 -13.6477859114 1.4177367095 21.3400336013 
1.1928424526 0.7104466281 0.4341339614 

# 150 100
1 6.2829713189 -9.9821192848 0.2208688348 20.6475459018 
0.9873529871 0.7122614128 0.4485924730 
2 5.8304332173 -9.8543141726 0.4296771871 20.6291851674 
0.9878719501 0.7119312461 0.4309425122 
3 5.7136085443 -10.4636385455 0.4982599304 20.7533901356 
1.0194961895 0.7120814104 0.4390964100 
4 5.6770670827 -11.0675627025 0.5195007800 20.8684147366 
1.0486881827 0.7121090721 0.4498576815 
5 5.2083283331 -10.9273370935 0.7338893556 20.8455538222 
1.0487696189 0.7115139091 0.4315883656 

# 300 100
1 7.5781231249 -7.5975639026 -0.5166206648 20.1125645026 
0.8434953912 0.7127193981 0.4458409070 
2 7.1495259810 -7.4720988840 -0.3063722549 20.0864634585 
0.8432605156 0.7121291210 0.4280556904 
3 7.0579023161 -8.0339013561 -0.2343693748 20.2230889236 
0.8754364232 0.7125593563 0.4365586598 
4 7.0566422657 -8.5786031441 -0.2012480499 20.3458538342 
0.9044910341 0.7127883966 0.4472609341 
5 6.6116644666 -8.4516980679 0.0066602664 20.3215528621 
0.9044717871 0.7122055046 0.4294404079

# 300 200
1 10.0228009120 -8.2848313933 -1.6899075963 20.2416296652 
0.8424101427 0.7153662686 0.5449136391 
2 9.5839433577 -8.1543261730 -1.4809192368 20.2248889956 
0.8427977826 0.7153810143 0.5272679364 
3 9.5324612985 -8.7251290052 -1.4026161046 20.3525141006 
0.8742801657 0.7154819497 0.5356764283 
4 9.5499219969 -9.2858514341 -1.3603144126 20.4716788672 
0.9034347724 0.7155667969 0.5460422540 
5 9.1040441618 -9.1566062643 -1.1574462979 20.4482779311 
0.9034411767 0.7150366675 0.5285342168

# 150 200
1 8.8523940958 -10.7223088924 -0.9243369735 20.7778711148 
0.9868577191 0.7157409746 0.5475409070 
2 8.3876155046 -10.5876635065 -0.7086883475 20.7631105244 
0.9877115527 0.7156935720 0.5295929337 
3 8.3051722069 -11.2191287652 -0.6399255970 20.8820952838 
1.0192321792 0.7155623352 0.5379779398 
4 8.3040921637 -11.8367334693 -0.6120244810 20.9944197768 
1.0482687164 0.7155561490 0.5486604434 
5 7.8340933637 -11.6975879035 -0.4037561502 20.9751590064 
1.0486621270 0.7151672071 0.5308999992


