# 8

b0 origin 2.406818 2.182848 0.973928 matrix 0.413105 -0.444750 0.794696 -0.034209 0.864443 0.501566 -0.910041 -0.234385 0.341891
b1 origin -3.147608 2.194983 -1.452302 matrix -0.346145 0.538705 -0.768102 0.018687 0.822511 0.568443 0.937995 0.182410 -0.294775


#left edge at 400 up edge at 0

1 0.8132725309 -6.1530061202 4.0010200408 6.8967958718 
0.1336502179 0.0034883801 -0.1882557008 
2 -1.2683307332 -5.5363014521 5.8478939158 6.5664826593 
0.1354292806 0.0009117174 -0.3265101961 
3 0.0874834993 -6.5002400096 4.5495019801 7.1407056282 
0.1787532289 0.0022853477 -0.2129987796 
4 -1.2587903516 -6.1013440538 5.7213488540 6.9381975279 
0.1803267199 0.0007903176 -0.3013684941 
5 -0.2550702028 -6.9495379815 4.7660506420 7.4490579623 
0.2230338218 0.0026687959 -0.2128242589 
6 -1.6186247450 -6.5441617665 5.9168366735 7.2501500060 
0.2246376580 0.0011808677 -0.3009009289 
7 -0.2176287051 -7.5302412096 4.6495859834 7.8223928957 
0.2679160301 0.0041270596 -0.1871422230 
8 -2.3674546982 -6.8746549862 6.4536181447 7.5140405616 
0.2698822340 0.0018981852 -0.3258583025 

# left edge at 210 up edge at 0

1 2.1352454098 -4.3603144126 3.0703828153 5.5552022081 
-0.0516231917 0.0038511708 -0.1904934420 
2 0.1427457098 -3.7754710188 4.9680187207 5.1924876995 
-0.0510247286 0.0014749914 -0.3281457292 
3 1.4423976959 -4.6809072363 3.6428057122 5.8144125765 
-0.0065342259 0.0025433403 -0.2153955574 
4 0.1456258250 -4.3090123605 4.8439937598 5.5926437057 
-0.0052331444 0.0009836149 -0.3033370015 
5 1.1214448578 -5.1060842434 3.8735749430 6.1414856594 
0.0381835466 0.0024150929 -0.2151963853 
6 -0.1857674307 -4.7183487339 5.0637825513 5.9233169327 
0.0389762433 0.0011560478 -0.3033041641 
7 1.1783271331 -5.6444857794 3.7626905076 6.5369614785 
0.0828730039 0.0035833261 -0.1895453899 
8 -0.8937357494 -5.0261610464 5.6236049442 6.1958478339 
0.0839684102 0.0013055657 -0.3283027814

# left edge at 210 up edge at 150
1 -0.0610224409 -3.7392895716 5.1350654026 5.1651266051 
-0.0494779454 0.0009298273 -0.3405932018 
2 -2.0272410896 -3.1517460698 7.0701428057 4.8427337093 
-0.0467524544 0.0012571514 -0.4786992617 
3 -0.7486499460 -4.0467418697 5.7013680547 5.4495379815 
-0.0038389791 0.0006779629 -0.3650658350 
4 -2.0213008520 -3.6611664467 6.9236169447 5.2383895356 
-0.0026654301 0.0006100992 -0.4536503073 
5 -1.0807632305 -4.4522980919 5.9143165727 5.7838113525 
0.0403162561 0.0008723272 -0.3648548219 
6 -2.3503540142 -4.0645625825 7.1203648146 5.5861634465 
0.0418811360 0.0011087484 -0.4526091744 
7 -1.0651026041 -4.9856594264 5.7809312372 6.1816272651 
0.0853305519 0.0014433787 -0.3393934229 
8 -3.0723628945 -4.3532941318 7.6747869915 5.8743549742 
0.0870334617 0.0020795213 -0.4780890470

# left edge at 400 up edge at 150
1 -1.4602184087 -5.4812192488 6.0165606624 6.5668426737 
0.1372773417 0.0021427397 -0.3384895273 
2 -3.4782791312 -4.8353534141 7.8978159126 6.2701908076 
0.1389475141 0.0029604302 -0.4771842877 
3 -2.1921276851 -5.8079323173 6.5589223569 6.8260530421 
0.1823353774 0.0018023393 -0.3634657232 
4 -3.4906996280 -5.3967958718 7.7406696268 6.6361454458 
0.1835372874 0.0018715881 -0.4516228864 
5 -2.5543021721 -6.2511100444 6.7556702268 7.1428657146 
0.2269570800 0.0021259518 -0.3630205131 
6 -3.8562942518 -5.8295331813 7.9356174247 6.9601584063 
0.2280651867 0.0024510782 -0.4513288318 
7 -2.5453018121 -6.8195727829 6.6199447978 7.5108004320 
0.2712612763 0.0028479726 -0.3375196964 
8 -4.6188047522 -6.1413056522 8.4520580823 7.2281891276 
0.2729439799 0.0034573204 -0.4764322348
