# 0 280
1 1.6834273371 -5.7685107404 3.4442577703 6.2509300372 
0.0631486991 -0.0130483923 -0.1692532271 
2 1.4108964359 -5.6849873995 3.6851074043 6.2068282731 
0.0631770881 -0.0132521316 -0.1873778286 
3 1.3003720149 -6.0347413897 3.7392895716 6.4651386055 
0.0955706741 -0.0126485050 -0.1789168737 
4 1.2485299412 -6.3762150486 3.7515300612 6.6924876995 
0.1245850081 -0.0127951427 -0.1683751318 
5 0.9677187087 -6.2968318733 3.9777991120 6.6609864395 
0.1254689269 -0.0126096612 -0.1858143163

# 150 280
1 2.6515060602 -4.3795751830 2.7130685227 5.1440657626 
-0.0835117976 -0.0142015185 -0.1732359262 
2 2.3856354254 -4.3048721949 2.9605784231 5.0999639986 
-0.0830879276 -0.0144271434 -0.1912393862 
3 2.2914916597 -4.6330253210 3.0129605184 5.3705148206 
-0.0510002549 -0.0139007528 -0.1824460160 
4 2.2430697228 -4.9555982239 3.0279011160 5.6221648866 
-0.0212821247 -0.0135821720 -0.1717208554 
5 1.9737789512 -4.8837753510 3.2660506420 5.5766230649 
-0.0208369167 -0.0140768279 -0.1894572779 

# 300 280
1 3.5528021121 -3.0736229449 1.9291371655 3.9696987880 
-0.2304898443 -0.0154497162 -0.1770918867 
2 3.2998919957 -3.0055802232 2.1856474259 3.9239769591 
-0.2298948544 -0.0157180282 -0.1949279021 
3 3.2115084603 -3.3106924277 2.2497299892 4.2132485299 
-0.1977135982 -0.0149558887 -0.1864410000 
4 3.1782071283 -3.6172446898 2.2641305652 4.4753390136 
-0.1682317011 -0.0149261544 -0.1753685587 
5 2.9207968319 -3.5452418097 2.5217208688 4.4312372495 
-0.1676839870 -0.0151001781 -0.1934204616

# 0 200
1 0.4660386415 -5.4216368655 4.5275411016 6.0615624625 
0.0650041165 -0.0143911869 -0.2498428432 
2 0.1954878195 -5.3487339494 4.7691107644 6.0235809432 
0.0658466615 -0.0146038469 -0.2676350829 
3 0.0792031681 -5.6907476299 4.8121324853 6.2766710668 
0.0975836985 -0.0142684888 -0.2591779184 
4 0.0198007920 -6.0325813033 4.8142925717 6.5171606864 
0.1273188573 -0.0140509234 -0.2481319613 
5 -0.2597503900 -5.9501380055 5.0569422777 6.4743189728 
0.1276071667 -0.0143076267 -0.2665009786 

# 150 200
1 1.4621984879 -4.0562822513 3.8116524661 4.9453378135 
-0.0812362886 -0.0155479246 -0.2533415937 
2 1.2037081483 -3.9754590184 4.0622224889 4.8976359054 
-0.0813847574 -0.0156549059 -0.2715069155 
3 1.1009240370 -4.3048721949 4.1167646706 5.1674666987 
-0.0491387150 -0.0155264833 -0.2629845220 
4 1.0494419777 -4.6249249970 4.1221648866 5.4227169087 
-0.0194095153 -0.0152254387 -0.2519622575 
5 0.7830313213 -4.5511220449 4.3689547582 5.3850954038 
-0.0186047893 -0.0152456608 -0.2698373568 

# 300 200
1 2.4052562102 -2.7661706468 3.0626425057 3.7576503060 
-0.2283123928 -0.0167487312 -0.2571616732 
2 2.1462258490 -2.6986679467 3.3193327733 3.7131885275 
-0.2275448856 -0.0169367601 -0.2751653415 
3 2.0585623425 -3.0027001080 3.3769350774 3.9981399256 
-0.1957430251 -0.0166018253 -0.2665516464 
4 2.0087003480 -3.3085323413 3.3828753150 4.2692307692 
-0.1656694379 -0.0164419232 -0.2554603093 
5 1.7532701308 -3.2338293532 3.6359654386 4.2186487459 
-0.1656776275 -0.0167284789 -0.2735459114 

# 0 100
1 -1.0372014881 -5.0045601824 5.8909156366 5.8198127925 
0.0677595590 -0.0165161694 -0.3505667731 
2 -1.2929917197 -4.9293171727 6.1342853714 5.7787711508 
0.0681247273 -0.0167153496 -0.3682457366 
3 -1.4229569183 -5.2650306012 6.1719068763 6.0367214689 
0.0999773481 -0.0163127899 -0.3599626991 
4 -1.4953198128 -5.5989439578 6.1600264011 6.2770310812 
0.1294154782 -0.0161810538 -0.3488856808 
5 -1.7628105124 -5.5303612144 6.4050162006 6.2422896916 
0.1306310926 -0.0164366492 -0.3666522863

# 150 100
1 0.0109804392 -3.6609864395 5.2088683547 4.6868474739 
-0.0787649038 -0.0176603397 -0.3536587865 
2 -0.2406696268 -3.5832233289 5.4587183487 4.6456258250 
-0.0785339213 -0.0175045429 -0.3714671201 
3 -0.3596543862 -3.9012960518 5.5064202568 4.9165366615 
-0.0466124444 -0.0172937485 -0.3633714632 
4 -0.4230169207 -4.2143285731 5.5022800912 5.1730469219 
-0.0170750823 -0.0170384381 -0.3524464873 
5 -0.6876275051 -4.1416056642 5.7505100204 5.1257050282 
-0.0167029806 -0.0174721178 -0.3705823135

# 300 100
1 0.9873394936 -2.3832953318 4.4987399496 3.4818792752 
-0.2261618659 -0.0185357602 -0.3578162722 
2 0.7412696508 -2.3188527541 4.7559702388 3.4413776551 
-0.2252407476 -0.0185912906 -0.3753701788 
3 0.6323652946 -2.6167646706 4.8015120605 3.7293891756 
-0.1933794394 -0.0182669221 -0.3670310492 
4 0.5853834153 -2.9110764431 4.7986319453 4.0033601344 
-0.1638920635 -0.0178897342 -0.3557687141 
5 0.3254530181 -2.8403336133 5.0574822993 3.9513380535 
-0.1636371658 -0.0183286541 -0.3741623038
