# 0 280
1 11.0603624145 -13.5151206048 -1.6639865595 21.1747869915 
1.0820001300 0.7124883976 0.6597064503 
2 10.5712828513 -13.3649945998 -1.4650786031 21.1580463219 
1.0823290146 0.7122982112 0.6421406235 
3 10.5205208208 -14.0488419537 -1.3977559102 21.2642505700 
1.1130942979 0.7117387823 0.6505067543 
4 10.5606624265 -14.7236889476 -1.3622944918 21.3812552502 
1.1427709765 0.7124573582 0.6613538593 
5 10.0465618625 -14.5714028561 -1.1660866435 21.3663146526 
1.1432962003 0.7122885613 0.6436968622

# 150 280
1 12.1476059042 -10.8394935797 -2.4259570383 20.6650066003 
0.9374330401 0.7122199992 0.6567290249 
2 11.6774270971 -10.6983679347 -2.2202088084 20.6437657506 
0.9375991458 0.7118616150 0.6388074544 
3 11.6450258010 -11.3271330853 -2.1446057842 20.7679707188 
0.9693123863 0.7120671964 0.6473650140 
4 11.7017280691 -11.9366374655 -2.1010440418 20.8880355214 
0.9986838469 0.7126740874 0.6580212827 
5 11.2209288372 -11.8025321013 -1.8990759630 20.8630145206 
0.9989238195 0.7118597684 0.6402875860

# 300 280
1 13.1007440298 -8.3973358934 -3.2154686187 20.1276851074 
0.7927588554 0.7118845613 0.6531638499 
2 12.6611664467 -8.2743909756 -3.0111604464 20.1055442218 
0.7931079385 0.7114887629 0.6356447604 
3 12.6474858994 -8.8412336493 -2.9233169327 20.2362294492 
0.8247049348 0.7117945353 0.6439644419 
4 12.7122884915 -9.4093363735 -2.8763350534 20.3570142806 
0.8541399615 0.7118596883 0.6547518740 
5 12.2617304692 -9.2775711028 -2.6718468739 20.3368534741 
0.8544503360 0.7116039883 0.6371159139 

# 0 200
1 8.8628345134 -12.8714148566 -0.7751110044 21.0775831033 
1.0828050350 0.7097618030 0.5807525940 
2 8.3831153246 -12.7220088804 -0.5641425657 21.0540021601 
1.0827957334 0.7091253355 0.5626360284 
3 8.2970718829 -13.3990159606 -0.5015000600 21.1780271211 
1.1148256044 0.7096190018 0.5713675465 
4 8.3044521781 -14.0598223929 -0.4705388216 21.2842313693 
1.1437591744 0.7094809726 0.5819772806 
5 7.8070922837 -13.9071762871 -0.2694707788 21.2687507500 
1.1441358569 0.7093231300 0.5642439878

# 150 200
1 10.0751830073 -10.2440297612 -1.5097203888 20.5597023881 
0.9382795551 0.7095630924 0.5773901432 
2 9.6147245890 -10.1081243250 -1.3124324973 20.5436817473 
0.9385741588 0.7095063316 0.5599974043 
3 9.5583823353 -10.7244689788 -1.2346693868 20.6675267011 
0.9703154360 0.7095953147 0.5683699379 
4 9.5817832713 -11.3246129845 -1.1930877235 20.7832713309 
0.9994963260 0.7097588384 0.5787886640 
5 9.1004440178 -11.1876275051 -0.9947197888 20.7649105964 
0.9998343971 0.7094402361 0.5611292893

# 300 200
1 10.6549861994 -7.7206888276 -2.0538821553 19.9944797792 
0.7944467888 0.7090418761 0.5545332696 
2 10.2217088684 -7.5928837153 -1.8439937598 19.9698187928 
0.7943461464 0.7086048920 0.5366945258 
3 10.1763470539 -8.1478459138 -1.7617304692 20.1051842074 
0.8261941657 0.7090284803 0.5450973473 
4 10.2087483499 -8.6943477739 -1.7235689428 20.2272290892 
0.8552428558 0.7091436162 0.5558355539 
5 9.7635905436 -8.5651026041 -1.5210608424 20.2043681747 
0.8552008445 0.7087163366 0.5382180672 

# 0 100
1 6.1834273371 -12.0784831393 0.3614544582 20.9576983079 
1.0836917843 0.7065610231 0.4814734421 
2 5.7155886235 -11.9396975879 0.5592823713 20.9330373215 
1.0835213221 0.7057704091 0.4639551575 
3 5.5888635545 -12.5954638186 0.6298451938 21.0554422177 
1.1154750763 0.7060512639 0.4720068935 
4 5.5600624025 -13.2404296172 0.6555862234 21.1692067683 
1.1447969725 0.7063037996 0.4827617373 
5 5.0744029761 -13.0984039362 0.8516140646 21.1456258250 
1.1447709967 0.7055051976 0.4651743309

# 150 100
1 7.5288011520 -9.5200408016 -0.3501140046 20.4353174127 
0.9396725585 0.7066465326 0.4781377861 
2 7.0861634465 -9.3853954158 -0.1440057602 20.4122764911 
0.9394936975 0.7061795938 0.4604495387 
3 6.9941797672 -9.9844593784 -0.0775831033 20.5399015961 
0.9711875049 0.7063926348 0.4689920037 
4 6.9803192128 -10.5763230529 -0.0491419657 20.6556462258 
1.0003729110 0.7063292196 0.4796829164 
5 6.5216608664 -10.4364574583 0.1656066243 20.6295451818 
1.0001617452 0.7055980589 0.4614185033

# 300 100
1 8.7341293652 -7.1866074643 -1.1135245410 19.8742349694 
0.7944646679 0.7060109130 0.4752151005 
2 8.3089523581 -7.0667226689 -0.8870754830 19.8587543502 
0.7954115296 0.7060595318 0.4571809772 
3 8.2288491540 -7.6119644786 -0.8157926317 19.9879995200 
0.8267210892 0.7059501975 0.4654473778 
4 8.2468498740 -8.1568462739 -0.7824912997 20.1150846034 
0.8563028641 0.7061578385 0.4765995443 
5 7.8020520821 -8.0279611184 -0.5738629545 20.0954638186 
0.8564773142 0.7059569945 0.4587303133
