b0 origin -2.677919 2.178956 -2.072139 matrix -0.408179 0.454910 -0.791484 -0.014490 0.863660 0.503867 0.912787 0.217137 -0.345937
b1 origin 2.901934 2.199838 0.312731 matrix 0.323074 -0.539445 0.777575 0.000089 0.821653 0.569987 -0.946374 -0.184079 0.265503

0 20.1844
1 3.7599903996 10.3351134045 2.0582023281 -22.2854314173 
1.7706877925 0.0041386813 -0.1189424928 
2 3.6966278651 10.2708508340 2.2259690388 -21.9248769951 
1.7524365023 0.0050139092 -0.1197532043 
3 4.0550222009 10.2362894516 1.3252130085 -21.8741149646 
1.7614199976 0.0050587596 -0.1531450886 
4 4.4044161766 10.2190087604 0.4638785551 -21.8913956558 
1.7732677800 0.0052239717 -0.1840527523 
5 4.3291731669 10.1547461898 0.6431657266 -21.5297611904 
1.7546137102 0.0061770775 -0.1842917794

15 20.1844
1 5.2578303132 10.0440417617 -1.6058442338 -21.3015120605 
1.7731270214 0.0064409751 -0.2713877522 
2 5.1987879515 9.9781591264 -1.4134165367 -20.9438377535 
1.7546736496 0.0073046564 -0.2721768085 
3 5.5557422297 9.9477379095 -2.2828513141 -20.8901956078 
1.7636668183 0.0078443452 -0.3050893791 
4 5.8991959678 9.9272170887 -3.1164646586 -20.8999159966 
1.7750032705 0.0079506267 -0.3355891015 
5 5.8376335053 9.8595343814 -2.9177367095 -20.5472818913 
1.7565100188 0.0086585494 -0.3362116721 

30 20.1844
1 6.7922116885 9.7589103564 -5.1150846034 -20.3953558142 
1.7788712559 0.0086821164 -0.4228290017 
2 6.7178687147 9.6935677427 -4.9131165247 -20.0466818673 
1.7603242609 0.0096530601 -0.4228260023 
3 7.0892235689 9.6615264611 -5.7458298332 -19.9876395056 
1.7692450322 0.0102355583 -0.4560825965 
4 7.4521180847 9.6429857194 -6.5450618025 -19.9946597864 
1.7808374227 0.0105408680 -0.4870554448 
5 7.3781351254 9.5751230049 -6.3294131765 -19.6517460698 
1.7622497138 0.0112716475 -0.4868374503 

45 20.1844
1 8.3381135245 9.4375975039 -8.3712348494 -19.4506780271 
1.7806827168 0.0094208925 -0.5734946794 
2 8.2790711628 9.3673946958 -8.1570262811 -19.1083043322 
1.7621466341 0.0100958268 -0.5740615268 
3 8.6484459378 9.3380535221 -8.9506780271 -19.0568222729 
1.7713723356 0.0108105029 -0.6067205625 
4 9.0059402376 9.3155526221 -9.7169686787 -19.0647425897 
1.7827548206 0.0108389082 -0.6373211156 
5 8.9441977679 9.2458898356 -9.4933997360 -18.7257890316 
1.7641904168 0.0115714066 -0.6375536984

60 20.1844
1 9.9093963759 9.1324852994 -11.4776191048 -18.5673826953 
1.7855480926 0.0111265026 -0.7232840190 
2 9.8577343094 9.0649825993 -11.2540501620 -18.2354494180 
1.7673686148 0.0119910795 -0.7238192930 
3 10.2352094084 9.0284411376 -12.0081003240 -18.1744269771 
1.7759829830 0.0123858258 -0.7569041677 
4 10.5846033841 9.0091803672 -12.7378495140 -18.1850474019 
1.7874925610 0.0126523730 -0.7867584582 
5 10.5212408496 8.9411376455 -12.5072602904 -17.8529341174 
1.7690323320 0.0136166148 -0.7866369835 

0 60.5652
1 1.9858394336 8.6929077163 5.4347773911 -14.8705748230 
1.3567455294 0.0140265894 -0.1254776009 
2 1.9042961718 8.6194647786 5.5615024601 -14.5667226689 
1.3386569266 0.0148747098 -0.1258740375 
3 2.2833913357 8.5802232089 4.7718108724 -14.5157806312 
1.3470650390 0.0148510267 -0.1593643797 
4 2.6565462619 8.5543021721 4.0265810632 -14.5228009120 
1.3580909505 0.0145039014 -0.1904099321 
5 2.5730229209 8.4849994000 4.1653666147 -14.2185887435 
1.3400040341 0.0157326703 -0.1905095000

15 60.5652
1 3.5630625225 8.3539541582 2.1519860794 -14.0438017521 
1.3587431211 0.0146967961 -0.2781661310 
2 3.4892595704 8.2779911196 2.2970718829 -13.7507500300 
1.3408365478 0.0153722163 -0.2785954189 
3 3.8741149646 8.2409096364 1.5250210008 -13.6917076683 
1.3491172243 0.0157951163 -0.3120515987 
4 4.2436697468 8.2207488300 0.7922116885 -13.7019680787 
1.3605069709 0.0158316671 -0.3425391189 
5 4.1644665787 8.1392055682 0.9435977439 -13.4053162126 
1.3419684935 0.0162851051 -0.3429040149

30 60.5652
1 5.1903276131 8.0452418097 -1.0285611424 -13.2974918997 
1.3658957075 0.0167142100 -0.4294121314 
2 5.1104044162 7.9656786271 -0.8694347774 -13.0003000120 
1.3472888804 0.0174360279 -0.4296556978 
3 5.4993999760 7.9298571943 -1.6171846874 -12.9470178807 
1.3559078001 0.0179168005 -0.4627309850 
4 5.8806552262 7.9095163807 -2.3336133445 -12.9497179887 
1.3672142651 0.0181566738 -0.4935446203 
5 5.8052322093 7.8310332413 -2.1660266411 -12.6604464179 
1.3489263173 0.0188677108 -0.4936930983

45 60.5652
1 6.8240729629 7.7001680067 -4.0530421217 -12.4683787351 
1.3672410196 0.0188627041 -0.5808559716 
2 6.7499099964 7.6164646586 -3.8859954398 -12.1805472219 
1.3487031874 0.0193620351 -0.5812448874 
3 7.1470058802 7.5835233409 -4.6049441978 -12.1288851554 
1.3575957185 0.0200755138 -0.6141245656 
4 7.5212408496 7.5619224769 -5.2988719549 -12.1398655946 
1.3691052011 0.0200905237 -0.6442584144 
5 7.4589583583 7.4821792872 -5.1186847474 -11.8547341894 
1.3508345848 0.0208475308 -0.6447420397 

60 60.5652
1 8.5100204008 7.3547341894 -6.9819392776 -11.7184687387 
1.3724693848 0.0202034085 -0.7323783922 
2 8.4464778591 7.2715708628 -6.8001320053 -11.4390975639 
1.3541648079 0.0207586841 -0.7328069499 
3 8.8469938798 7.2305292212 -7.4963998560 -11.3886955478 
1.3627942472 0.0210028452 -0.7658098022 
4 9.2277091084 7.2078483139 -8.1620664827 -11.3971558862 
1.3741996429 0.0210078990 -0.7959482505 
5 9.1623664947 7.1297251890 -7.9779191168 -11.1233649346 
1.3562660774 0.0218685971 -0.7960339045 

0 100.942
1 -0.0196207848 6.8305532221 7.9878195128 -8.6443057722 
0.9492418681 0.0250582300 -0.1323265243 
2 -0.1094443778 6.7497299892 8.0893435737 -8.3886955478 
0.9316229314 0.0261573360 -0.1326755123 
3 0.2962918517 6.7099483979 7.3847953918 -8.3505340214 
0.9402976212 0.0261834182 -0.1662179736 
4 0.6843873755 6.6840273611 6.7223688948 -8.3604344174 
0.9511803605 0.0257941290 -0.1968876333 
5 0.5897035881 6.6017640706 6.8312732509 -8.1082443298 
0.9334030687 0.0267956506 -0.1969621892

15 100.942
1 1.6441857674 6.4676587063 5.0429017161 -7.9703588144 
0.9525108461 0.0260881885 -0.2841250431 
2 1.5545421817 6.3803552142 5.1568462739 -7.7192487700 
0.9345017969 0.0269084638 -0.2844655519 
3 1.9662186487 6.3376935077 4.4618384735 -7.6830673227 
0.9432146517 0.0268149267 -0.3178880406 
4 2.3669146766 6.3153726149 3.8084123365 -7.6922476899 
0.9545268078 0.0267287892 -0.3485912413 
5 2.2783511340 6.2289691588 3.9275771031 -7.4432977319 
0.9365795081 0.0276464543 -0.3488722050 

30 100.942
1 3.3391335653 6.0765030601 2.1798871955 -7.2598703948 
0.9526791898 0.0273115398 -0.4364020209 
2 3.2550702028 5.9863194528 2.3039121565 -7.0183007320 
0.9348144780 0.0279793706 -0.4367796579 
3 3.6739469579 5.9429377175 1.6294251770 -6.9835593424 
0.9436342913 0.0279010480 -0.4699139061 
4 4.0753630145 5.9242169687 0.9862594504 -6.9900396016 
0.9550491248 0.0281332967 -0.5003268747 
5 3.9948997960 5.8343933757 1.1160446418 -6.7493699748 
0.9372017611 0.0288968262 -0.5007319346

45 100.942
1 -6.6280451218 5.0963638546 -3.1657866315 -0.6172446898 
0.4144235652 0.2033559764 -0.4523384820 
2 5.0168006720 5.6084843394 -0.4843993760 -6.3855754230 
0.9397598174 0.0292491757 -0.5884438872 
3 5.4421576863 5.5663626545 -1.1421456858 -6.3576743070 
0.9490517503 0.0291465838 -0.6212950326 
4 5.8477139086 5.5442217689 -1.7727109084 -6.3652346094 
0.9604520727 0.0291885297 -0.6516485992 
5 5.7704908196 5.4515180607 -1.6324852994 -6.1281651266 
0.9424412432 0.0299272522 -0.6520360544 

60 100.942
1 6.8789751590 5.3006720269 -3.3015120605 -5.9915396616 
0.9614886796 0.0291231065 -0.7389067007 
2 6.8044521781 5.2036481459 -3.1567862715 -5.7557302292 
0.9432321748 0.0297382641 -0.7394093868 
3 7.2335893436 5.1636865475 -3.7988719549 -5.7247689908 
0.9525897541 0.0299224578 -0.7721430549 
4 7.6407656306 5.1359654386 -4.4117964719 -5.7388095524 
0.9640537483 0.0295004826 -0.8022772045 
5 7.5721828873 5.0452418097 -4.2638305532 -5.5048001920 
0.9461900331 0.0305181281 -0.8027443641

0 141.3188
1 -2.3372134885 4.7095283811 10.0426017041 -3.4593783751 
0.5475093378 0.0365329645 -0.1358104786 
2 -2.4419776791 4.6099843994 10.1232449298 -3.2480499220 
0.5299357823 0.0372097129 -0.1361421500 
3 -2.0067202688 4.5621024841 9.4942997720 -3.2174486979 
0.5384048501 0.0370043827 -0.1697705667 
4 -1.5905436217 4.5450018001 8.8997359894 -3.2260890436 
0.5496999967 0.0371918634 -0.2003671839 
5 -1.6945877835 4.4463578543 8.9843393736 -3.0131405256 
0.5320301741 0.0380640414 -0.2007290838 

15 141.3188
1 -0.5821432857 4.2794911796 7.3635545422 -2.8853354134 
0.5489526354 0.0368170880 -0.2885463846 
2 -0.6833073323 4.1815672627 7.4560782431 -2.6774270971 
0.5314933941 0.0377333998 -0.2887862310 
3 -0.2417496700 4.1338653546 6.8388335533 -2.6461058442 
0.5399572294 0.0376412360 -0.3220717185 
4 0.1825273011 4.1074042962 6.2473298932 -2.6435857434 
0.5503884781 0.0377190795 -0.3530142402 
5 0.0802832113 4.0084003360 6.3450738030 -2.4394575783 
0.5329313759 0.0385631049 -0.3531031238 

30 141.3188
1 1.2339493580 3.8546741870 4.7406696268 -2.3413536541 
0.5526449815 0.0374385412 -0.4405117723 
2 1.1313452538 3.7493699748 4.8439937598 -2.1413656546 
0.5349308225 0.0379749464 -0.4405827950 
3 1.5813632545 3.7013080523 4.2343093724 -2.1051842074 
0.5432529194 0.0381022949 -0.4738872390 
4 2.0112204488 3.6746669867 3.6548661946 -2.1109444378 
0.5541320136 0.0379503593 -0.5043598107 
5 1.9138365535 3.5740429617 3.7635905436 -1.9095163807 
0.5366129679 0.0388760442 -0.5044316288

45 141.3188
1 3.0754230169 3.3967358694 2.1975279011 -1.7833313333 
0.5536931695 0.0376940130 -0.5918945171 
2 2.9819992800 3.2935917437 2.3062522501 -1.5851434057 
0.5361933203 0.0385592143 -0.5921556304 
3 3.4388575543 3.2403096124 1.7116884675 -1.5541821673 
0.5445368493 0.0383447263 -0.6252054447 
4 3.8730349214 3.2116884675 1.1405256210 -1.5570622825 
0.5552658174 0.0382200520 -0.6556235517 
5 3.7832113285 3.1069242770 1.2589703588 -1.3568942758 
0.5375146296 0.0391662198 -0.6558449626 

60 141.3188
1 4.9766590664 2.9339373575 -0.2835113405 -1.2494299772 
0.5562912880 0.0379353338 -0.7431905071 
2 4.8906156246 2.8230529221 -0.1629065163 -1.0516020641 
0.5383033040 0.0386699496 -0.7436129236 
3 5.3535941438 2.7704908196 -0.7540501620 -1.0220808832 
0.5469303912 0.0385460389 -0.7767260286 
4 5.7947917917 2.7456498260 -1.3136925477 -1.0278411136 
0.5581329025 0.0385430632 -0.8069108733 
5 5.7085683427 2.6387255490 -1.1862474499 -0.8332533301 
0.5403935321 0.0394609605 -0.8069998265 

0 181.6956
1 -5.0135605424 2.1971678867 11.7028081123 0.9030961238 
0.1454039542 0.0458114702 -0.1397475172 
2 -5.1395655826 2.0862834513 11.7737309492 1.0796831873 
0.1281790414 0.0466642650 -0.1396332451 
3 -4.6792871715 2.0290411616 11.2063482539 1.1099243970 
0.1360552675 0.0464980051 -0.1733316525 
4 -4.2402496100 2.0022200888 10.6744269771 1.1029041162 
0.1466299476 0.0463238213 -0.2037961983 
5 -4.3624744990 1.8897155886 10.7455298212 1.2823712949 
0.1292256562 0.0473201518 -0.2039734513

15 181.6956
1 -3.1474258970 1.7228489140 9.2610104404 1.3500540022 
0.1494525406 0.0458278141 -0.2919883181 
2 -3.2673106924 1.6047641906 9.3376935077 1.5244809792 
0.1319730060 0.0465420774 -0.2921605119 
3 -2.7985719429 1.5502220089 8.7764310572 1.5527421097 
0.1400840991 0.0465025378 -0.3254947367 
4 -2.3447737910 1.5163806552 8.2454098164 1.5480619225 
0.1504181370 0.0461402634 -0.3562190702 
5 -2.4610584423 1.4024360974 8.3258730349 1.7199687988 
0.1332965213 0.0470586891 -0.3563121524 

30 181.6956
1 -1.2335893436 1.2150486019 6.8645745830 1.8126725069 
0.1510816429 0.0457793267 -0.4442115450 
2 -1.3511340454 1.0913836553 6.9491779671 1.9813392536 
0.1335034595 0.0463088424 -0.4443557475 
3 -0.8656546262 1.0359414377 6.3848553942 2.0124804992 
0.1416774333 0.0464387405 -0.4781029165 
4 -0.4030361214 1.0076803072 5.8568942758 2.0002400096 
0.1527736291 0.0460746185 -0.5084691664 
5 -0.5130205208 0.8874354974 5.9494179767 2.1771870875 
0.1350435002 0.0471650785 -0.5087382289 

45 181.6956
1 0.7457698308 0.7119284771 4.5106204248 2.2529701188 
0.1546172387 0.0460368238 -0.5956978241 
2 0.6336253450 0.5877235089 4.6044041762 2.4169566783 
0.1372129088 0.0466288798 -0.5957373819 
3 1.1277451098 0.5286811472 4.0445817833 2.4459378375 
0.1454014884 0.0466105463 -0.6294312127 
4 1.5995439818 0.4998799952 3.5254410176 2.4324372975 
0.1566493592 0.0461905203 -0.6595927897 
5 1.4909996400 0.3740549622 3.6249849994 2.6054242170 
0.1386951467 0.0471580202 -0.6598198607 

60 181.6956
1 2.7782311292 0.1776671067 2.2094083763 2.6914676587 
0.1570079198 0.0457873823 -0.7471998825 
2 2.6763470539 0.0487819513 2.3084123365 2.8536541462 
0.1395162447 0.0463911609 -0.7475066202 
3 3.1785671427 -0.0122404896 1.7613704548 2.8783151326 
0.1478956877 0.0462009848 -0.7808651455 
4 3.6590063603 -0.0397815913 1.2501500060 2.8743549742 
0.1588350253 0.0462116766 -0.8111064694 
5 3.5580223209 -0.1665066603 1.3549141966 3.0322212889 
0.1416101347 0.0468400110 -0.8111369560 

0 222.0724
1 -8.0735029401 -0.7214688588 13.0773430937 4.4996399856 
-0.2487723477 0.0525531066 -0.1417061067 
2 -8.2160686427 -0.8544941798 13.1275651026 4.6494059762 
-0.2659319691 0.0532948782 -0.1420415207 
3 -7.7345493820 -0.9169566783 12.6163446538 4.6683067323 
-0.2578468503 0.0529949175 -0.1751654883 
4 -7.2577103084 -0.9506180247 12.1260050402 4.6650666027 
-0.2474727883 0.0528557655 -0.2062454182 
5 -7.4013560542 -1.0811232449 12.1821672867 4.8177127085 
-0.2646976784 0.0539164679 -0.2064474653 

15 222.0724
1 -6.1328453138 -1.2958718349 10.8412936517 4.8817952718 
-0.2469863912 0.0518840805 -0.2940575801 
2 -6.2772110884 -1.4272770911 10.9039361574 5.0270610824 
-0.2639567052 0.0527524066 -0.2939503650 
3 -5.7704908196 -1.4938797552 10.3846153846 5.0481219249 
-0.2558461131 0.0524899426 -0.3277460663 
4 -5.2805112204 -1.5288011520 9.8998559942 5.0436217449 
-0.2454006921 0.0522691570 -0.3585517580 
5 -5.4225369015 -1.6591263651 9.9711388456 5.1879875195 
-0.2622404135 0.0532353720 -0.3582095985 

30 222.0724
1 -4.1414256570 -1.8936757470 8.6529461178 5.2819512781 
-0.2473697764 0.0519537707 -0.4455191066 
2 -4.2726509060 -2.0304812192 8.7141485659 5.4263170527 
-0.2643029478 0.0528778837 -0.4460305445 
3 -3.7583703348 -2.0936637465 8.2103084123 5.4495379815 
-0.2562323646 0.0528873321 -0.4790985049 
4 -3.2556102244 -2.1266050642 7.7205088204 5.4435977439 
-0.2455374001 0.0527201640 -0.5100202469 
5 -3.3875555022 -2.2659306372 7.8027721109 5.5912036481 
-0.2628367564 0.0537590198 -0.5099168196

45 222.0724
1 -2.0394815793 -2.4855394216 6.4752190088 5.6639265571 
-0.2452436569 0.0524649939 -0.5977222127 
2 -2.1813272531 -2.6263050522 6.5607224289 5.8061322453 
-0.2626036319 0.0533722087 -0.5972234238 
3 -1.6434657386 -2.6966878675 6.0473418937 5.8262930517 
-0.2544080642 0.0531014907 -0.6310184889 
4 -1.1297251890 -2.7307092284 5.5669026761 5.8212528501 
-0.2437544407 0.0529418947 -0.6616508455 
5 -1.2596903876 -2.8772350894 5.6493459738 5.9620184807 
-0.2611001904 0.0537076234 -0.6616768755 

60 222.0724
1 0.1294251770 -3.1026041042 4.3417736709 6.0347413897 
-0.2434093654 0.0524592358 -0.7492960458 
2 0.0014400576 -3.2543501740 4.4294371775 6.1722668907 
-0.2608597495 0.0530538836 -0.7492516570 
3 0.5508220329 -3.3177127085 3.9219968799 6.1926077043 
-0.2522507373 0.0531116521 -0.7827578837 
4 1.0696027841 -3.3560542422 3.4485779431 6.1816272651 
-0.2415141141 0.0525455251 -0.8130194855 
5 0.9504380175 -3.5063602544 3.5403816153 6.3225729029 
-0.2589725625 0.0534538658 -0.8131172059 

