
(26,25)
1 0.9354974199 8.1753870155 0.5882635305 -33.9934597384 
-1.0484140747 0.3197738941 -2.2635404783 
-1.0228169099 0.0077697227 -2.4252539534 
2 1.0418816753 8.2896915877 0.2950318013 -34.3448337934 
-1.0644549835 0.3211963298 -2.2628480037 
-1.0402222704 0.0091870581 -2.4259153376 
3 0.6888875555 8.2797911916 1.2235089404 -34.6229449178 
-1.0583103020 0.3239859301 -2.2926765565 
-1.0322336553 0.0082469644 -2.4575793327 
4 0.3252730109 8.2461298452 2.1411856474 -34.8150126005 
-1.0492303284 0.3263492030 -2.3209593538 
-1.0210461022 0.0073814776 -2.4873207559 
5 0.4356174247 8.3553942158 1.8504740190 -35.1584663387 
-1.0649376080 0.3275727965 -2.3198913906 
-1.0382044237 0.0085573887 -2.4875947727 

(26,20)
1 -1.9476779071 5.2967118685 7.1885875435 -25.3909156366 
-0.6403413312 0.2993571945 -2.2834162176 
-0.5795168848 -0.0103885537 -2.4108002602 
2 -1.8294131765 5.4183967359 6.9657386295 -25.7120484819 
-0.6564301860 0.3004089995 -2.2827282402 
-0.5969444490 -0.0095082281 -2.4114516526 
3 -2.2164286571 5.4102964119 7.8049321973 -25.9545181807 
-0.6498730937 0.3027406641 -2.3134107393 
-0.5875094407 -0.0100632206 -2.4435505711 
4 -2.5753630145 5.3859954398 8.6192847714 -26.1242649706 
-0.6414840734 0.3047376283 -2.3412308043 
-0.5763504238 -0.0108621350 -2.4725886223 
5 -2.4570982839 5.5060602424 8.4011160446 -26.4448577943 
-0.6574217308 0.3058602105 -2.3404519892 
-0.5936720507 -0.0099357493 -2.4731520202 

(26,15)
1 -5.6066842674 1.5765030601 12.7635905436 -16.8785551422 
-0.1761517639 0.2688981412 -2.3065012081 
-0.0794003970 -0.0335996532 -2.3963161660 
2 -5.4698787952 1.7147485899 12.5909636385 -17.1582863315 
-0.1926359446 0.2698764864 -2.3056781642 
-0.0970486201 -0.0329524607 -2.3967937791 
3 -5.8631945278 1.7212288492 13.3349333973 -17.3660146406 
-0.1864017718 0.2718772125 -2.3365619311 
-0.0874273708 -0.0331668559 -2.4288393473 
4 -6.2457098284 1.7010680427 14.0380415217 -17.5175807032 
-0.1779898633 0.2731709648 -2.3649649552 
-0.0757947858 -0.0338139857 -2.4581660205 
5 -6.1094443778 1.8376935077 13.8762150486 -17.7953318133 
-0.1942578237 0.2743038918 -2.3641446318 
-0.0932235948 -0.0330765351 -2.4586537297 

(26,10)
1 -9.8048121925 -2.7362894516 16.9982599304 -9.5375015001 
0.3025765826 0.2371780148 -2.3275571888 
0.4274570011 -0.0534616368 -2.3808605950 
2 -9.6449657986 -2.5735629425 16.8661346454 -9.7733109324 
0.2855028004 0.2383225370 -2.3267152084 
0.4095566964 -0.0527959315 -2.3812716948 
3 -10.0447617905 -2.5514220569 17.5224408976 -9.9479179167 
0.2916553422 0.2399426297 -2.3578825100 
0.4192225231 -0.0526803895 -2.4133761442 
4 -10.4405976239 -2.5654626185 18.1405856234 -10.0697827913 
0.3005757252 0.2408492438 -2.3865348661 
0.4314255890 -0.0530275086 -2.4427029287 
5 -10.2830913237 -2.3987759510 18.0181807272 -10.3077523101 
0.2833619758 0.2423919590 -2.3858793798 
0.4134231493 -0.0519963743 -2.4433216127 

(26,5)
1 -14.5915636625 -7.7435497420 20.3012120485 -3.3981759270 
0.7938189558 0.2043622944 -2.3474792015 
0.9365831189 -0.0722181768 -2.3663893363 
2 -14.4128165127 -7.5505820233 20.1995079803 -3.5967238690 
0.7761467785 0.2056628626 -2.3469366851 
0.9184772175 -0.0714256404 -2.3670291636 
3 -14.8180127205 -7.5171006840 20.7782311292 -3.7367694708 
0.7828871439 0.2068026141 -2.3782017628 
0.9285549055 -0.0711280652 -2.3989921936 
4 -15.2201488060 -7.5106204248 21.3222128885 -3.8364934597 
0.7917042866 0.2079078940 -2.4071333355 
0.9404603723 -0.0706416767 -2.4284036058 
5 -15.0369014761 -7.3237729509 21.2264490580 -4.0339613585 
0.7741793143 0.2091215638 -2.4063732656 
0.9225228021 -0.0700361187 -2.4288552927 

(26,0)
1 -20.0443417737 -13.5230409216 22.9307572303 1.7332893316 
1.2969145693 0.1741192966 -2.3657452797 
1.4474916951 -0.0875936575 -2.3522755878 
2 -19.8328333133 -13.3079323173 22.8405736229 1.5691227649 
1.2789391081 0.1750186953 -2.3646508496 
1.4293615693 -0.0872393244 -2.3522928996 
3 -20.2328093124 -13.2438497540 23.3625945038 1.4499579983 
1.2854318364 0.1761707257 -2.3966023851 
1.4389397753 -0.0863941085 -2.3847929233 
4 -20.6297251890 -13.2235089404 23.8505940238 1.3648145926 
1.2944204728 0.1768705346 -2.4259357320 
1.4507155910 -0.0858897484 -2.4144734487 
5 -20.4246969879 -13.0060602424 23.7685107404 1.2076683067 
1.2765637459 0.1783610327 -2.4248949165 
1.4327647971 -0.0849242104 -2.4145277245 

(18,0)
1 -10.9730589224 -17.8239529581 11.7812912517 5.9490579623 
1.3354947109 0.1431555960 -1.5921198827 
1.4090739665 -0.1191549109 -1.5669804215 
2 -10.7543501740 -17.5665426617 11.6644665787 5.8154926197 
1.3176842269 0.1442840966 -1.5916133803 
1.3908219436 -0.1181001504 -1.5675614976 
3 -11.2994119765 -17.4839193568 12.1533661346 5.7166686667 
1.3238036878 0.1449265843 -1.6242160573 
1.4004632939 -0.1167839217 -1.5997542061 
4 -11.8342133685 -17.4531381255 12.6276851074 5.6516860674 
1.3327003650 0.1454474232 -1.6543374535 
1.4126683986 -0.1156710488 -1.6293284970 
5 -11.6131645266 -17.2002280091 12.5141005640 5.5157806312 
1.3148779932 0.1464968005 -1.6537941974 
1.3944510578 -0.1147646281 -1.6298715944 

(18,5)
1 -5.2486499460 -11.0592823713 8.1075243010 1.6985479419 
0.8344799506 0.1684422163 -1.5766208385 
0.8922141603 -0.0957741658 -1.5831337661 
2 -5.0614424577 -10.8366134645 7.9640585623 1.5450018001 
0.8172055387 0.1697809438 -1.5756821621 
0.8742575155 -0.0944506105 -1.5833162095 
3 -5.5926437057 -10.7847713909 8.5012000480 1.4242169687 
0.8229930462 0.1705374510 -1.6085167946 
0.8841854910 -0.0936106477 -1.6156123680 
4 -6.1130445218 -10.7710908436 9.0185407416 1.3453738150 
0.8313732797 0.1714414070 -1.6387733459 
0.8964498804 -0.0925736527 -1.6451909503 
5 -5.9197167887 -10.5500420017 8.8810152406 1.1824672987 
0.8137736105 0.1725250880 -1.6380047696 
0.8782136993 -0.0916263942 -1.6455745998 

(18,10)
1 -0.4779191168 -5.2281291252 3.6809672387 -3.3900756030 
0.3444604201 0.1937881044 -1.5600515889 
0.3810520557 -0.0699709658 -1.5993213566 
2 -0.3247329893 -5.0380415217 3.5108604344 -3.5862834513 
0.3273966073 0.1946977326 -1.5594856787 
0.3631807130 -0.0689983973 -1.5999235015 
3 -0.8287531501 -5.0072602904 4.0904836193 -3.7265090604 
0.3328771819 0.1960759577 -1.5921048695 
0.3730835521 -0.0681515021 -1.6319414084 
4 -1.3118924757 -5.0128405136 4.6609264371 -3.8238929557 
0.3408914210 0.1970432666 -1.6222130012 
0.3852855622 -0.0677854300 -1.6613411021 
5 -1.1569062763 -4.8254530181 4.4881195248 -4.0168606744 
0.3239794518 0.1981401766 -1.6213516712 
0.3675438161 -0.0666230113 -1.6616309684 

(18,15)
1 3.5063602544 -0.2651506060 -1.6971078843 -9.4807992320 
-0.1342886059 0.2160906742 -1.5420263232 
-0.1215798946 -0.0437604080 -1.6144472397 
2 3.6359654386 -0.1062042482 -1.9073562943 -9.7135485419 
-0.1508905862 0.2167491716 -1.5412318799 
-0.1390402169 -0.0429003332 -1.6148116005 
3 3.1600264011 -0.0937837514 -1.2821912877 -9.8870754830 
-0.1455625740 0.2184581826 -1.5739804561 
-0.1294001144 -0.0424160250 -1.6470197875 
4 2.7064082563 -0.1090843634 -0.6692667707 -10.0057002280 
-0.1378225833 0.2199319391 -1.6039774379 
-0.1175879987 -0.0421427548 -1.6763583780 
5 2.8439337574 0.0538221529 -0.8777151086 -10.2373694948 
-0.1545420331 0.2209521179 -1.6029671766 
-0.1352169799 -0.0409836839 -1.6765224162 

(18,20)
1 6.8674546982 3.9770790832 -8.2646705868 -16.6843273731 
-0.6054541127 0.2355767040 -1.5224265346 
-0.6154625448 -0.0164751357 -1.6274392612 
2 6.9740189608 4.1131645266 -8.5240609624 -16.9559582383 
-0.6218380755 0.2362091609 -1.5216425571 
-0.6325621071 -0.0154541622 -1.6277709369 
3 6.5304812192 4.1088443538 -7.8670346814 -17.1654866195 
-0.6162661953 0.2381019637 -1.5541669031 
-0.6232730535 -0.0154300317 -1.6599273244 
4 6.0963038522 4.0876035041 -7.2152286091 -17.3154326173 
-0.6085492126 0.2401796249 -1.5846389170 
-0.6119368560 -0.0150679645 -1.6899072900 
5 6.2138485539 4.2287291492 -7.4692187688 -17.5816632665 
-0.6248392464 0.2412594964 -1.5834954923 
-0.6290530021 -0.0137028265 -1.6898867488 

(18,25)
1 9.7054482179 7.5730829233 -16.1657266291 -25.0892235689 
-1.0727696790 0.2482865756 -1.5042879165 
-1.1004358736 0.0065040809 -1.6404923321 
2 9.7929317173 7.6890075603 -16.4749789992 -25.4036961478 
-1.0891576997 0.2487358251 -1.5037475518 
-1.1172731425 0.0074241995 -1.6410146721 
3 9.3745949838 7.6812672507 -15.8156126245 -25.6438257530 
-1.0830683240 0.2515922197 -1.5362148894 
-1.1083282505 0.0080233460 -1.6733820695 
4 8.9800192008 7.6474258970 -15.1461658466 -25.8128525141 
-1.0746199107 0.2535669642 -1.5658633646 
-1.0972185551 0.0077370927 -1.7027883969 
5 9.0723628945 7.7644305772 -15.4561382455 -26.1260650426 
-1.0908871855 0.2541885884 -1.5651331091 
-1.1140284487 0.0087837033 -1.7031307854 

(11,25)
1 18.2361694468 6.6051842074 -25.3682347294 -17.5631225249 
-1.0425540698 0.1989351200 -0.8085293459 
-1.1338217394 -0.0135410115 -0.9426495429 
2 18.3090723629 6.7364094564 -25.6411256450 -17.8379935197 
-1.0594517522 0.1992159372 -0.8078802913 
-1.1506780638 -0.0125624496 -0.9429154805 
3 17.8588743550 6.7311892476 -25.1637465499 -18.0410416417 
-1.0534660678 0.2012756820 -0.8410454699 
-1.1415273428 -0.0115567018 -0.9757231098 
4 17.4282971319 6.7020280811 -24.6717868715 -18.1816272651 
-1.0450552877 0.2031108401 -0.8718020194 
-1.1301520760 -0.0108100126 -1.0059864496 
5 17.5051602064 6.8354134165 -24.9468378735 -18.4626185047 
-1.0620448681 0.2034994930 -0.8711918283 
-1.1471658741 -0.0097770714 -1.0062996186 

(11,20)
1 16.0109204368 2.5553822153 -18.1017040682 -10.2868714749 
-0.5638856330 0.1912352531 -0.8234105889 
-0.6519191624 -0.0406978754 -0.9302483145 
2 16.0969638786 2.7109084363 -18.3445337814 -10.5178207128 
-0.5805540916 0.1917670394 -0.8227415394 
-0.6688724500 -0.0394591438 -0.9305844311 
3 15.6064442578 2.7172086883 -17.8462738510 -10.6913476539 
-0.5753243666 0.1933781969 -0.8560104058 
-0.6597720894 -0.0384664827 -0.9633651583 
4 15.1341053642 2.6986679467 -17.3368534741 -10.8087123485 
-0.5675287460 0.1950726405 -0.8870620540 
-0.6482979041 -0.0374552670 -0.9937721093 
5 15.2215888636 2.8540141606 -17.5787831513 -11.0432617305 
-0.5841599620 0.1957018922 -0.8865107046 
-0.6652425030 -0.0361591955 -0.9942299293 

(11,15)
1 13.3001920077 -2.2553102124 -11.6623064923 -4.1144245770 
-0.0853195952 0.1800353782 -0.8397706545 
-0.1606235213 -0.0706560785 -0.9165410529 
2 13.4022560902 -2.0711628465 -11.8756150246 -4.3120724829 
-0.1021402448 0.1806032700 -0.8392445553 
-0.1780299723 -0.0694202670 -0.9171214209 
3 12.8606144246 -2.0425417017 -11.3710548422 -4.4515780631 
-0.0972185194 0.1822173611 -0.8728561639 
-0.1686677286 -0.0678563868 -0.9501380973 
4 12.3484939398 -2.0583823353 -10.8634345374 -4.5513020521 
-0.0896309494 0.1829789335 -0.9036959099 
-0.1568788102 -0.0673629750 -0.9801878261 
5 12.4548781951 -1.8742349694 -11.0778231129 -4.7460698428 
-0.1063110925 0.1838346760 -0.9030203651 
-0.1741877972 -0.0658601444 -0.9806196410 

(11,10)
1 9.9569182767 -7.9789991600 -6.0541821673 1.0537621505 
0.3956767108 0.1641509161 -0.8566370036 
0.3416145291 -0.1032658384 -0.9007571141 
2 10.0885035401 -7.7584903396 -6.2397695908 0.8892355694 
0.3786379280 0.1649308342 -0.8559676209 
0.3236960510 -0.1019288103 -0.9012804486 
3 9.4926797072 -7.7082683307 -5.7436697468 0.7711508460 
0.3834595357 0.1659098304 -0.8897547320 
0.3332114811 -0.1003893488 -0.9344326318 
4 8.9227769111 -7.6999879995 -5.2468498740 0.7133685347 
0.3917449347 0.1675703654 -0.9205923928 
0.3459446131 -0.0982958277 -0.9644094025 
5 9.0588623545 -7.4846993880 -5.4378375135 0.5286811472 
0.3740462487 0.1676015001 -0.9200831193 
0.3273849974 -0.0977817264 -0.9651199018 

(11,5)
1 5.7515900636 -14.7218888756 -1.1990279611 5.3733949358 
0.8822756234 0.1449907017 -0.8743452788 
0.8552227534 -0.1359269303 -0.8839214353 
2 5.9180967239 -14.4632185287 -1.3626545062 5.2356894276 
0.8648952710 0.1458837819 -0.8735890377 
0.8368108237 -0.1345765757 -0.8844151225 
3 5.2587303492 -14.3852754110 -0.8849153966 5.1395655826 
0.8701819467 0.1464766377 -0.9074446348 
0.8466008274 -0.1327159373 -0.9176984074 
4 4.6312252490 -14.3546741870 -0.4201368055 5.0738629545 
0.8778069116 0.1469496080 -0.9385350085 
0.8584988838 -0.1311690273 -0.9480414061 
5 4.8022320893 -14.0997839914 -0.5769230769 4.9383175327 
0.8606358782 0.1480205596 -0.9377998337 
0.8403411332 -0.1297275717 -0.9485320438 

(11,0)
1 0.3830553222 -22.5244809792 2.9681387255 9.0027001080 
1.3762635298 0.1247968523 -0.8916977107 
1.3778837455 -0.1658176280 -0.8658101574 
2 0.6015840634 -22.2321492860 2.8241329653 8.8847953918 
1.3585689485 0.1254892868 -0.8907347498 
1.3591413084 -0.1648230920 -0.8661113640 
3 -0.1193447738 -22.1156846274 3.2793711748 8.8066722669 
1.3643940788 0.1259491587 -0.9245870694 
1.3688037265 -0.1624451769 -0.8995924572 
4 -0.8089523581 -22.0552022081 3.7196687868 8.7553702148 
1.3725856055 0.1264031146 -0.9556726437 
1.3806461303 -0.1603015001 -0.9301135687 
5 -0.5929437177 -21.7680907236 3.5848433937 8.6399855994 
1.3551852928 0.1272800779 -0.9549445151 
1.3623025013 -0.1591813258 -0.9306137170 

(5,0)
1 13.4252970119 -27.4422776911 -3.6849273971 11.2547701908 
1.4130871035 0.1222060564 -0.2797026453 
1.3570771300 -0.2183850320 -0.2400756396 
2 13.5950438018 -27.1063842554 -3.8294731789 11.1530661226 
1.3957300304 0.1230346612 -0.2790417586 
1.3381068282 -0.2168298460 -0.2408682386 
3 12.7286691468 -26.9567982719 -3.4233769351 11.0772830913 
1.4010969195 0.1222433378 -0.3130634812 
1.3471144602 -0.2146249995 -0.2756876772 
4 11.9033361334 -26.8745349814 -3.0237609504 11.0380415217 
1.4093391074 0.1223208399 -0.3443268214 
1.3589386950 -0.2118552135 -0.3073680447 
5 12.0828033121 -26.5539421577 -3.1652466099 10.9347173887 
1.3923262736 0.1228858635 -0.3435092706 
1.3404127495 -0.2106976470 -0.3079342820 

(5,5)
1 17.5373814953 -18.5895235809 -7.9921396856 8.0402016081 
0.9264388243 0.1359578694 -0.2621303531 
0.8287257003 -0.1827206751 -0.2621174692 
2 17.6641065643 -18.2930517221 -8.1525261010 7.9190567623 
0.9093005170 0.1366530972 -0.2615116435 
0.8102354621 -0.1811839873 -0.2628602861 
3 16.9145565823 -18.1870274811 -7.7358094324 7.8362534501 
0.9143463075 0.1366964837 -0.2954174025 
0.8195255731 -0.1789542762 -0.2973381597 
4 16.2049681987 -18.1429257170 -7.3253930157 7.7824312973 
0.9219948269 0.1366659839 -0.3265559591 
0.8313118869 -0.1771158464 -0.3286964646 
5 16.3370934837 -17.8543741750 -7.4843393736 7.6621864875 
0.9050746672 0.1374217149 -0.3258769312 
0.8130833872 -0.1755816868 -0.3293458862 

(5,10)
1 20.5678027121 -10.8871954878 -12.8654746190 4.2566302652 
0.4426081007 0.1488772709 -0.2457632889 
0.3126939729 -0.1435423062 -0.2829110042 
2 20.6596063843 -10.6369854794 -13.0467418697 4.1120844834 
0.4256272138 0.1493541891 -0.2452437606 
0.2947943903 -0.1420890471 -0.2836457288 
3 20.0069002760 -10.5689427577 -12.6291251650 4.0121804872 
0.4304208173 0.1498417141 -0.2789020397 
0.3039310982 -0.1402084581 -0.3177192098 
4 19.3889355574 -10.5491419657 -12.2071882875 3.9471978879 
0.4378989190 0.1503418741 -0.3100639017 
0.3155939414 -0.1386112572 -0.3489791939 
5 19.4908196328 -10.3041521661 -12.3873754950 3.8039121565 
0.4211302803 0.1509186772 -0.3093232552 
0.2978792852 -0.1371492338 -0.3494585844 

(5,15)
1 22.8927757110 -4.3696747870 -18.3277931117 -0.2467898716 
-0.0408160948 0.1586895379 -0.2303702035 
-0.1905741709 -0.1054023729 -0.3015421238 
2 22.9656786271 -4.1563662547 -18.5308412336 -0.4186967479 
-0.0578946199 0.1591828253 -0.2298666728 
-0.2081349574 -0.1038880561 -0.3021840577 
3 22.3882155286 -4.1210848434 -18.1137645506 -0.5412816513 
-0.0528281189 0.1599396151 -0.2634727955 
-0.1989475950 -0.1024529184 -0.3360693999 
4 21.8458538342 -4.1250450018 -17.6905676227 -0.6226449058 
-0.0451621905 0.1606347660 -0.2943924313 
-0.1873990591 -0.1013331998 -0.3669920283 
5 21.9230769231 -3.9131765271 -17.8952358094 -0.7949117965 
-0.0621886724 0.1612811677 -0.2938551585 
-0.2049270016 -0.0996952969 -0.3675934662 

(5,20)
1 24.7158886355 1.0849033961 -24.3556942278 -5.6306252250 
-0.5259290712 0.1654748043 -0.2173814074 
-0.6826861349 -0.0700965364 -0.3192725864 
2 24.7769110764 1.2575303012 -24.5803432137 -5.8324132965 
-0.5428822941 0.1657258234 -0.2166153186 
-0.6996973866 -0.0688512847 -0.3195209665 
3 24.2577703108 1.2649105964 -24.1782071283 -5.9841593664 
-0.5374133513 0.1665151441 -0.2501836779 
-0.6904835337 -0.0679393913 -0.3532640590 
4 23.7715708628 1.2397095884 -23.7650906036 -6.0880235209 
-0.5293976072 0.1671229172 -0.2810143099 
-0.6790088499 -0.0674235500 -0.3840310875 
5 23.8360134405 1.4128765151 -23.9890195608 -6.2894515781 
-0.5461834207 0.1675979389 -0.2802924439 
-0.6958913856 -0.0659922494 -0.3843092991 

(5,25)
1 26.1975279011 5.6209048362 -30.9459378375 -11.9812792512 
-1.0129678613 0.1706387176 -0.2039126418 
-1.1651739046 -0.0370760486 -0.3334999569 
2 26.2477499100 5.7616704668 -31.1831873275 -12.2233889356 
-1.0299945264 0.1705321893 -0.2032395514 
-1.1818857996 -0.0362742324 -0.3337228521 
3 25.7791911676 5.7600504020 -30.8123724949 -12.4064562583 
-1.0241890576 0.1718558169 -0.2368193692 
-1.1728405622 -0.0352617288 -0.3673923334 
4 25.3471738870 5.7326893076 -30.4289571583 -12.5312012480 
-1.0159683341 0.1729601292 -0.2672513488 
-1.1617456916 -0.0346403507 -0.3977133581 
5 25.3981159246 5.8788551542 -30.6710668427 -12.7679107164 
-1.0328107496 0.1734882589 -0.2666751306 
-1.1782929932 -0.0331671505 -0.3980455058 

(0,25)
1 33.0937837514 4.6258250330 -34.4875795032 -7.9132965319 
-0.9876872678 0.1529793610 0.2997946240 
-1.1919404376 -0.0611948321 0.1824446469 
2 33.1216848674 4.7901716069 -34.7030481219 -8.1282251290 
-1.0049844041 0.1532348713 0.3003561741 
-1.2088293457 -0.0597773466 0.1819818931 
3 32.6606864275 4.7851314053 -34.4027961118 -8.2866314653 
-0.9990782948 0.1539182202 0.2675473790 
-1.1997290089 -0.0589927835 0.1485677556 
4 32.2176887075 4.7566902676 -34.0879635185 -8.4007560302 
-0.9909773887 0.1547356132 0.2364861283 
-1.1886220924 -0.0581983486 0.1170738394 
5 32.2470298812 4.9203168127 -34.3000120005 -8.6111844474 
-1.0077863590 0.1553012561 0.2368844607 
-1.2050553885 -0.0565137546 0.1164894671 

(0,20)
1 32.3489139566 -0.3859354374 -28.4927997120 -2.2166086643 
-0.4953686169 0.1522424986 0.2877271245 
-0.7072678551 -0.0966160360 0.2017381854 
2 32.3798751950 -0.1949477979 -28.6999879995 -2.4020160806 
-0.5126953178 0.1521503250 0.2883349059 
-0.7245327056 -0.0954550181 0.2011920043 
3 31.8634345374 -0.1747869915 -28.3581543262 -2.5363014521 
-0.5069649894 0.1527392281 0.2549688003 
-0.7153320370 -0.0943883350 0.1669582063 
4 31.3754350174 -0.1917076683 -28.0091203648 -2.6209048362 
-0.4986059363 0.1535373840 0.2241137845 
-0.7037033520 -0.0932820207 0.1354870250 
5 31.4123364935 -0.0009000360 -28.2184687387 -2.8057722309 
-0.5158310167 0.1536460944 0.2248100431 
-0.7209032281 -0.0919531510 0.1350589283 

(0,15)
1 31.4247569903 -6.4946597864 -22.8317532701 2.5665426617 
-0.0056525266 0.1485142084 0.2747287075 
-0.2122891856 -0.1377228120 0.2237007051 
2 31.4634585383 -6.2584903396 -23.0229209168 2.4142565703 
-0.0227106406 0.1487897750 0.2752783562 
-0.2298074260 -0.1361093753 0.2229719657 
3 30.8750150006 -6.2084483379 -22.6704668187 2.3053522141 
-0.0175968917 0.1492538612 0.2418179648 
-0.2208997678 -0.1344988844 0.1882336627 
4 30.3274330973 -6.2079083163 -22.3064922597 2.2351494060 
-0.0096086266 0.1496472987 0.2110748022 
-0.2093340733 -0.1333264924 0.1566219477 
5 30.3742349694 -5.9751590064 -22.4980199208 2.0803432137 
-0.0266228445 0.1499129920 0.2117327448 
-0.2268345009 -0.1317982540 0.1560470334 

(0,10)
1 30.2232089284 -13.8366134645 -17.6063242530 6.5960038402 
0.4802142947 0.1438675775 0.2601171227 
0.2943185312 -0.1811974400 0.2476071414 
2 30.2680307212 -13.5505820233 -17.7868714749 6.4660386415 
0.4629299949 0.1442184792 0.2605773962 
0.2760242371 -0.1793936418 0.2466008486 
3 29.6056042242 -13.4672386895 -17.4147965919 6.3783751350 
0.4683838796 0.1442604536 0.2273314665 
0.2853312046 -0.1776548015 0.2118200210 
4 28.9741389656 -13.4357374295 -17.0436217449 6.3234729389 
0.4762067034 0.1445420548 0.1963573521 
0.2969553338 -0.1759081422 0.1796632591 
5 29.0335413417 -13.1574462979 -17.2212888516 6.1938677547 
0.4592224952 0.1449315430 0.1970778829 
0.2789300542 -0.1742118739 0.1790079197 

(0,5)
1 28.6407656306 -22.4816392656 -12.8409936397 10.0102004080 
0.9626397280 0.1384907711 0.2446059988 
0.8142175114 -0.2252560807 0.2741848004 
2 28.7102484099 -22.1516860674 -13.0012000480 9.9016560662 
0.9456886149 0.1389482122 0.2452760115 
0.7956149437 -0.2234786243 0.2733224961 
3 27.9309972399 -22.0192007680 -12.6338053522 9.8271330853 
0.9508454016 0.1384379024 0.2119581666 
0.8045194300 -0.2213097806 0.2380201924 
4 27.1980079203 -21.9482779311 -12.2626305052 9.7796111844 
0.9585165514 0.1382093776 0.1809687238 
0.8159245151 -0.2192846861 0.2055295178 
5 27.2743309732 -21.6294851794 -12.4208568343 9.6694467779 
0.9417742854 0.1385396617 0.1816383036 
0.7976055568 -0.2177301117 0.2047230758 

(0,0)
1 26.4340573623 -32.3742949718 -8.5366614665 12.9110164407 
1.4438333208 0.1298910566 0.2285452807 
1.3493625101 -0.2698308504 0.3033546461 
2 26.5298211928 -32.0052802112 -8.6799471979 12.8210128405 
1.4269418586 0.1306531972 0.2291547554 
1.3302914221 -0.2678787894 0.3023281052 
3 25.5988239530 -31.8195127805 -8.3111124445 12.7572902916 
1.4325713796 0.1295645803 0.1956512212 
1.3390688093 -0.2652926817 0.2664426016 
4 24.7216488660 -31.7140285611 -7.9482179287 12.7200288012 
1.4407945690 0.1288478538 0.1648171761 
1.3505525477 -0.2627627391 0.2337774234 
5 24.8242529701 -31.3511340454 -8.0900636025 12.6271450858 
1.4239110017 0.1294720099 0.1653158520 
1.3315930043 -0.2610154717 0.2326690503 
