

(26,25)
1 1.2636505460 8.5451218049 -0.2581303252 -34.9287771511 
-1.4795577454 0.3372445027 -0.9487463361 
-1.5553204767 0.0285296329 -1.0972250771 
2 1.3612144486 8.6556462258 -0.5573022921 -35.2812312492 
-1.4922257362 0.3387078978 -0.9394183734 
-1.5697910982 0.0300906522 -1.0882575814 
3 1.0058802352 8.6414256570 0.3780151206 -35.5541221649 
-1.5038413006 0.3414792528 -0.9675238055 
-1.5809675055 0.0291803467 -1.1188378240 
4 0.6500060002 8.6099243970 1.3124324973 -35.7508700348 
-1.5125901896 0.3439889925 -0.9956929343 
-1.5889853359 0.0283046911 -1.1493462780 
5 0.7527901116 8.7136085443 1.0069602784 -36.0977439098 
-1.5248093593 0.3450129187 -0.9860888195 
-1.6030828940 0.0294197409 -1.1400329031 

(26,20)
1 -1.9374174967 5.3566542662 7.1902076083 -25.3217928717 
-1.1206084867 0.3122613842 -1.2261330551 
-1.1427149557 0.0053154995 -1.3653791347 
2 -1.8241929677 5.4768990760 6.9713188528 -25.6440057602 
-1.1334386894 0.3133360866 -1.2166617979 
-1.1573703820 0.0062557785 -1.3562643813 
3 -2.1957278291 5.4711388456 7.8137525501 -25.8875555022 
-1.1456084692 0.3156453959 -1.2450029079 
-1.1680839819 0.0055102679 -1.3873872152 
4 -2.5665426617 5.4426977079 8.6272050882 -26.0601824073 
-1.1546272058 0.3174653479 -1.2731011139 
-1.1754539163 0.0046493876 -1.4180416617 
5 -2.4446777871 5.5636625465 8.4075963039 -26.3798751950 
-1.1672273084 0.3186838077 -1.2631898446 
-1.1899644961 0.0056731444 -1.4084446467 

(26,15)
1 -5.5888635545 1.6278051122 12.7688107524 -16.8034921397 
-0.7524012782 0.2795293151 -1.5100372133 
-0.7238106092 -0.0208414262 -1.6387098931 
2 -5.4421576863 1.7678507140 12.5916836673 -17.0835833433 
-0.7654981770 0.2805546723 -1.4994748135 
-0.7386540418 -0.0201835576 -1.6285554871 
3 -5.8340333613 1.7712708508 13.3354734189 -17.2929317173 
-0.7779597337 0.2823432374 -1.5283728337 
-0.7490119896 -0.0206372804 -1.6603166156 
4 -6.2208688348 1.7532701308 14.0454218169 -17.4488179527 
-0.7875455283 0.2837666550 -1.5567465226 
-0.7564591223 -0.0211661724 -1.6913000511 
5 -6.0757830313 1.8920556822 13.8794551782 -17.7213488540 
-0.8003017582 0.2850980647 -1.5463367245 
-0.7709336731 -0.0202424376 -1.6812949565 

(26,10)
1 -9.7675507020 -2.6866074643 17.0099603984 -9.4699988000 
-0.3715811916 0.2459378658 -1.8003374756 
-0.2992223739 -0.0432226640 -1.9149926064 
2 -9.6098643946 -2.5206408256 16.8756750270 -9.7072482899 
-0.3852721423 0.2472829249 -1.7898643616 
-0.3143035657 -0.0423027460 -1.9050751920 
3 -10.0120004800 -2.5082203288 17.5251410056 -9.8813152526 
-0.3975410098 0.2484238778 -1.8190501010 
-0.3242467418 -0.0426410253 -1.9369577280 
4 -10.4058562342 -2.5156006240 18.1425657026 -10.0042601704 
-0.4068869860 0.2496661114 -1.8474737243 
-0.3312800705 -0.0426435627 -1.9678066476 
5 -10.2478099124 -2.3505340214 18.0187207488 -10.2400696028 
-0.4204992155 0.2512131438 -1.8370683384 
-0.3462658074 -0.0415918865 -1.9579894431 

(26,5)
1 -14.5550222009 -7.7019680787 20.3042721709 -3.3213128525 
0.0212727563 0.2117448685 -2.0973027852 
0.1279154599 -0.0635744416 -2.1936867935 
2 -14.3741149646 -7.5133205328 20.2031081243 -3.5202208088 
0.0072121286 0.2128545998 -2.0867782012 
0.1128149528 -0.0630049497 -2.1838965253 
3 -14.7805712228 -7.4746189848 20.7775111004 -3.6615264611 
-0.0053095131 0.2142292882 -2.1161491873 
0.1026282564 -0.0624206531 -2.2157086574 
4 -15.1798271931 -7.4711988480 21.3247329893 -3.7626905076 
-0.0145967730 0.2151402239 -2.1450039324 
0.0956006779 -0.0621968631 -2.2467359141 
5 -14.9994599784 -7.2883115325 21.2271690868 -3.9581783271 
-0.0282835315 0.2162874847 -2.1344674809 
0.0808839021 -0.0616256767 -2.2369316178 

(26,0)
1 -19.9939397576 -13.4857794312 22.9368774751 1.8056522261 
0.4239181309 0.1799410985 -2.3995558720 
0.5554091786 -0.0808614151 -2.4737510200 
2 -19.7926917077 -13.2656306252 22.8517340694 1.6418456738 
0.4095778094 0.1811855111 -2.3887822944 
0.5403421229 -0.0800851008 -2.4637987528 
3 -20.1905076203 -13.2067682707 23.3654746190 1.5234009360 
0.3970163127 0.1821632675 -2.4184751298 
0.5299622551 -0.0794047908 -2.4956324244 
4 -20.5881435257 -13.1889475579 23.8540141606 1.4452778111 
0.3879523699 0.1830271180 -2.4477175141 
0.5230103904 -0.0787342727 -2.5267251053 
5 -20.3813152526 -12.9705988240 23.7713908556 1.2823712949 
0.3736545699 0.1843675587 -2.4366316547 
0.5079925571 -0.0779354013 -2.5165049831 

(18,0)
1 -10.9318372735 -17.7812912517 11.7866914677 6.0154806192 
0.8975444145 0.1482583891 -1.7864587122 
0.9722910432 -0.1128315267 -1.8073259718 
2 -10.7086283451 -17.5220808832 11.6689667587 5.8793951758 
0.8830508361 0.1493337112 -1.7757324271 
0.9568034158 -0.1118516596 -1.7972604236 
3 -11.2538701548 -17.4401776071 12.1641665667 5.7827313093 
0.8694550874 0.1500380782 -1.8062002598 
0.9463822496 -0.1105289693 -1.8294163121 
4 -11.7884915397 -17.4077763111 12.6357854314 5.7148685947 
0.8594023663 0.1505007894 -1.8359278487 
0.9393521387 -0.1094722634 -1.8605668544 
5 -11.5651026041 -17.1536061442 12.5220208808 5.5805832233 
0.8450842205 0.1516804520 -1.8252106413 
0.9240897503 -0.1084376027 -1.8505253935 

(18,5)
1 -5.2054482179 -11.0105004200 8.1177847114 1.7660506420 
0.4947028864 0.1747635089 -1.4876356029 
0.5384168303 -0.0881045282 -1.5256501398 
2 -5.0243609744 -10.7872914917 7.9759390376 1.6045841834 
0.4806857011 0.1759043854 -1.4772416493 
0.5232155803 -0.0869599869 -1.5158148536 
3 -5.5512420497 -10.7327493100 8.5103804152 1.4863194528 
0.4666820433 0.1768549235 -1.5072655206 
0.5129136248 -0.0859369882 -1.5477410231 
4 -6.0664226569 -10.7224888996 9.0253810152 1.4051362054 
0.4563553900 0.1775202560 -1.5367142256 
0.5061467609 -0.0851952120 -1.5788322230 
5 -5.8766950678 -10.4976599064 8.8858754350 1.2424096964 
0.4421971920 0.1788254194 -1.5260387190 
0.4908118812 -0.0839659860 -1.5687421745 

(18,10)
1 -0.4514580583 -5.1827673107 3.6993279731 -3.3182527301 
0.1018667343 0.2013215643 -1.1949115254 
0.1096032772 -0.0608159532 -1.2479399974 
2 -0.2943117725 -4.9903396136 3.5306612264 -3.5142805712 
0.0881007837 0.2023436684 -1.1846020581 
0.0944960037 -0.0597534795 -1.2381424775 
3 -0.8008520341 -4.9579383175 4.1119044762 -3.6566662667 
0.0737629412 0.2037812778 -1.2146029618 
0.0841635776 -0.0588544823 -1.2701742568 
4 -1.2843513741 -4.9690987640 4.6792871715 -3.7567502700 
0.0632764461 0.2044417238 -1.2438683327 
0.0775176927 -0.0588113992 -1.3012198685 
5 -1.1272050882 -4.7766710668 4.5100804032 -3.9507980319 
0.0496098090 0.2057522609 -1.2334878427 
0.0625172338 -0.0574544210 -1.2913415691 

(18,15)
1 3.5421816873 -0.2043081723 -1.6917076683 -9.4246369855 
-0.2821334488 0.2251180912 -0.9060702263 
-0.3130299539 -0.0328205581 -0.9729433578 
2 3.6746669867 -0.0399615985 -1.8987159486 -9.6575663027 
-0.2955032137 0.2260674500 -0.8958897016 
-0.3277737483 -0.0316886158 -0.9632421465 
3 3.1956678267 -0.0324012961 -1.2773310932 -9.8323532941 
-0.3097393235 0.2275759344 -0.9258347456 
-0.3381376439 -0.0313832541 -0.9951827474 
4 2.7451098044 -0.0486019441 -0.6597263891 -9.9529581183 
-0.3205571693 0.2289493417 -0.9548679057 
-0.3452321770 -0.0312864604 -1.0259861821 
5 2.8750750030 0.1126845074 -0.8681747270 -10.1851674067 
-0.3337466003 0.2300104324 -0.9447553361 
-0.3597970411 -0.0300237397 -1.0163374168 

(18,20)
1 6.8944557782 4.0395415817 -8.2455898236 -16.6297851914 
-0.6578812802 0.2463470817 -0.6217205656 
-0.7259147936 -0.0034912311 -0.7026555172 
2 7.0013800552 4.1741869675 -8.5042601704 -16.9089763591 
-0.6710975144 0.2467851967 -0.6117275282 
-0.7403630719 -0.0026898341 -0.6931906915 
3 6.5562222489 4.1734669387 -7.8448937958 -17.1116644666 
-0.6850107278 0.2491178876 -0.6416809489 
-0.7509768342 -0.0022008067 -0.7249428145 
4 6.1267250690 4.1513260530 -7.1961478459 -17.2587303492 
-0.6958954013 0.2511718529 -0.6708363107 
-0.7586254708 -0.0018768137 -0.7557193328 
5 6.2428297132 4.2861514461 -7.4508580343 -17.5314412577 
-0.7086520158 0.2518149214 -0.6606543743 
-0.7726990463 -0.0009565031 -0.7460044749 

(18,25)
1 9.7338893556 7.6393255730 -16.1416056642 -25.0341413657 
-1.0306956328 0.2610587391 -0.3404296778 
-1.1308839543 0.0218320200 -0.4371422163 
2 9.8222728909 7.7556102244 -16.4465378615 -25.3471738870 
-1.0437489757 0.2615978167 -0.3306945889 
-1.1449144237 0.0228211698 -0.4280191981 
3 9.4044761790 7.7431897276 -15.7895115805 -25.5894635785 
-1.0572661744 0.2641549662 -0.3606940115 
-1.1560168861 0.0231220318 -0.4595495999 
4 9.0093603744 7.7136685467 -15.1252850114 -25.7629905196 
-1.0675616204 0.2664053993 -0.3897383538 
-1.1639745345 0.0231479620 -0.4899160058 
5 9.1000840034 7.8310332413 -15.4345373815 -26.0807032281 
-1.0806591302 0.2670692489 -0.3799461541 
-1.1781166942 0.0242420980 -0.4807189020 

(11,25)
1 18.2689307572 6.6827673107 -25.3464538582 -17.5102004080 
-0.6084778786 0.2103065394 0.2127823303 
-0.7601435898 0.0002825957 0.1538454787 
2 18.3421936877 6.8123724949 -25.6191647666 -17.7850714029 
-0.6219108403 0.2105504146 0.2229637198 
-0.7740567832 0.0012250491 0.1632463367 
3 17.8900156006 6.8030121205 -25.1421456858 -17.9913596544 
-0.6360317022 0.2124063185 0.1923369244 
-0.7853392555 0.0020232635 0.1311028484 
4 17.4599783991 6.7765510620 -24.6514460578 -18.1342853714 
-0.6468728254 0.2143773847 0.1623824978 
-0.7934621064 0.0029013847 0.0998730775 
5 17.5388215529 6.9120964839 -24.9266770671 -18.4158166327 
-0.6604823305 0.2148954531 0.1726415812 
-0.8076294962 0.0040589293 0.1093909912 

(11,20)
1 16.0453018121 2.6254050162 -18.0887435497 -10.2352094084 
-0.2242006813 0.2005616174 -0.0719140237 
-0.3578054041 -0.0290897941 -0.1100644286 
2 16.1333253330 2.7803912156 -18.3281531261 -10.4690387616 
-0.2375247994 0.2010037309 -0.0618601664 
-0.3719418868 -0.0279823126 -0.1006653205 
3 15.6395655826 2.7856114245 -17.8264730589 -10.6387855514 
-0.2521414992 0.2027556213 -0.0923357757 
-0.3830629870 -0.0268503473 -0.1329375255 
4 15.1683067323 2.7670706828 -17.3195727829 -10.7547101884 
-0.2634459678 0.2045168749 -0.1221374809 
-0.3909728170 -0.0257682610 -0.1642922054 
5 15.2604704188 2.9222368895 -17.5598823953 -10.9903396136 
-0.2767025205 0.2050865041 -0.1120622717 
-0.4050882867 -0.0245729777 -0.1548466824 

(11,15)
1 13.3437537502 -2.1930277211 -11.6531261250 -4.0665426617 
0.1595805258 0.1874038415 -0.3578946316 
0.0534680037 -0.0612804639 -0.3783492838 
2 13.4488779551 -2.0038401536 -11.8655346214 -4.2629305172 
0.1460071421 0.1882371445 -0.3477907107 
0.0387566872 -0.0597826800 -0.3688181850 
3 12.9070562823 -1.9854794192 -11.3600744030 -4.3991959678 
0.1313104495 0.1895617463 -0.3782133473 
0.0280854688 -0.0585464038 -0.4012478939 
4 12.3897155886 -1.9980799232 -10.8535341414 -4.4980199208 
0.1197092688 0.1905739176 -0.4079697807 
0.0204256915 -0.0577610714 -0.4327667752 
5 12.4966398656 -1.8117724709 -11.0634225369 -4.6935077403 
0.1063191472 0.1915315381 -0.3979936237 
0.0058895891 -0.0561810006 -0.4233462507 

(11,10)
1 10.0001200048 -7.9239169567 -6.0378015121 1.1084843394 
0.5454680606 0.1703355000 -0.6465321858 
0.4754524867 -0.0953110271 -0.6520669952 
2 10.1342253690 -7.7079083163 -6.2241089644 0.9432377295 
0.5320387091 0.1709441119 -0.6361777077 
0.4606147535 -0.0941679343 -0.6421810160 
3 9.5360614425 -7.6546261850 -5.7301692068 0.8271330853 
0.5165949547 0.1721562336 -0.6666377392 
0.4494100682 -0.0923659681 -0.6747939726 
4 8.9656186247 -7.6542661706 -5.2394695788 0.7472098884 
0.5051218005 0.1727087184 -0.6964754919 
0.4421194114 -0.0914419454 -0.7064871860 
5 9.1033241330 -7.4315972639 -5.4255970239 0.5817832713 
0.4914257022 0.1737674289 -0.6860652279 
0.4269982768 -0.0898589909 -0.6965590730 

(11,5)
1 5.8050522021 -14.6848073923 -1.1920076803 5.4281171247 
0.9357081706 0.1496265696 -0.9384102225 
0.9075661746 -0.1297481968 -0.9307532365 
2 5.9720988840 -14.4212768511 -1.3480739230 5.2922116885 
0.9217354210 0.1507647135 -0.9280649381 
0.8920508249 -0.1281850144 -0.9208674503 
3 5.3132725309 -14.3445937838 -0.8753750150 5.1867274691 
0.9063927758 0.1509058737 -0.9586895010 
0.8807468629 -0.1267946870 -0.9535923714 
4 4.6846873875 -14.3123724949 -0.4095163807 5.1280451218 
0.8950819085 0.1517643426 -0.9886022454 
0.8733949315 -0.1248544768 -0.9853067774 
5 4.8569542782 -14.0537021481 -0.5627025081 4.9935797432 
0.8812968630 0.1530181670 -0.9782542260 
0.8581030639 -0.1232441454 -0.9754178096 

(11,0)
1 0.4408376335 -22.4825393016 2.9771390856 9.0572422897 
1.3310369812 0.1287312561 -1.2346421055 
1.3466708374 -0.1605046064 -1.2140949056 
2 0.6530661226 -22.1869674787 2.8423136925 8.9395175807 
1.3168480960 0.1295413468 -1.2241834954 
1.3309526767 -0.1594012513 -1.2041161583 
3 -0.0599423977 -22.0694227769 3.2923316933 8.8610344414 
1.3022939358 0.1299922571 -1.2549282936 
1.3197474014 -0.1570655949 -1.2367206108 
4 -0.7524300972 -22.0138005520 3.7279491180 8.8106324253 
1.2914967121 0.1303951372 -1.2850393111 
1.3122825095 -0.1549506015 -1.2684118465 
5 -0.5317412697 -21.7247089884 3.5961838474 8.6855274211 
1.2771797313 0.1307909858 -1.2745348639 
1.2965017955 -0.1543865455 -1.2584194716 

(5,0)
1 13.4873994960 -27.3947557902 -3.6753870155 11.3042721709 
1.7105826366 0.1258810167 -0.7536289430 
1.6861308024 -0.2130200837 -0.6891544344 
2 13.6551662066 -27.0594023761 -3.8188527541 11.2020280811 
1.6967138429 0.1266847282 -0.7432584523 
1.6701215518 -0.2114853147 -0.6790660944 
3 11.1329053162 12.7922116885 -35.7118084723 -3.4123964959 
-0.6320451257 0.9809523305 0.0174933588 
-0.7653142060 0.8775314803 -0.1127884083 
4 11.9630985239 -26.8333133325 -3.0133205328 11.0812432497 
1.6705812797 0.1254451076 -0.8045593288 
1.6493250627 -0.2071177309 -0.7454578830 
5 12.1377055082 -26.5046201848 -3.1542661706 10.9847593904 
1.6570165661 0.1266619060 -0.7942783369 
1.6336950311 -0.2052177356 -0.7354639431 

(5,5)
1 17.5678027121 -18.5528021121 -7.9914196568 8.0870034801 
1.3213150116 0.1398754225 -0.4618550672 
1.2401751900 -0.1767371359 -0.4063350698 
2 17.6907476299 -18.2611904476 -8.1537861514 7.9683787351 
1.3078079975 0.1406108899 -0.4516184834 
1.2248037197 -0.1751186858 -0.3964541632 
3 16.9422776911 -18.1510260410 -7.7397695908 7.8857554302 
1.2924580160 0.1407786237 -0.4821657009 
1.2126106340 -0.1727588674 -0.4298746943 
4 16.2323292932 -18.1085443418 -7.3219728789 7.8303132125 
1.2809585327 0.1406251874 -0.5123173832 
1.2044436307 -0.1711312539 -0.4625461622 
5 16.3682347294 -17.8147725909 -7.4839793592 7.7098883955 
1.2673098428 0.1415213442 -0.5018935152 
1.1889246822 -0.1694402836 -0.4524705245 

(5,10)
1 20.5852634105 -10.8402136085 -12.8598943958 4.3001920077 
0.9327280953 0.1537318751 -0.1727673599 
0.8040693038 -0.1364309987 -0.1296657058 
2 20.6810272411 -10.5909036361 -13.0406216249 4.1565462619 
0.9192214564 0.1542378527 -0.1625740750 
0.7890843415 -0.1349760998 -0.1199611941 
3 20.0252610104 -10.5262810512 -12.6183247330 4.0618624745 
0.9042239284 0.1548956625 -0.1931859743 
0.7774652813 -0.1329502422 -0.1533632403 
4 19.4062162486 -10.5073802952 -12.1969278771 3.9950798032 
0.8924875008 0.1553045595 -0.2229941727 
0.7691387741 -0.1314591736 -0.1856285677 
5 19.5081003240 -10.2596903876 -12.3799951998 3.8492739710 
0.8789254731 0.1558801412 -0.2126993202 
0.7540947327 -0.1299725812 -0.1758179637 

(5,15)
1 22.9096963879 -4.3126125045 -18.3225729029 -0.2028681147 
0.5441342818 0.1649358812 0.1156210853 
0.3798620089 -0.0967342068 0.1418575086 
2 22.9838593544 -4.0994839794 -18.5265210608 -0.3754950198 
0.5303917803 0.1654268448 0.1258497743 
0.3650700218 -0.0952225124 0.1514163138 
3 22.4092763711 -4.0663626545 -18.1103444138 -0.5000600024 
0.5153818528 0.1660421383 0.0955542465 
0.3532962188 -0.0939692895 0.1185742962 
4 21.8629545182 -4.0692427697 -17.6849873995 -0.5808832353 
0.5039181390 0.1668493846 0.0656386388 
0.3450505069 -0.0927363685 0.0864418645 
5 21.9425177007 -3.8586343454 -17.8990159606 -0.7459498380 
0.4905304704 0.1677513067 0.0760988414 
0.3305792134 -0.0907695854 0.0962423662

(5,20)
1 24.7407296292 1.1457458298 -24.3526341054 -5.5849033961 
0.1533183089 0.1731315109 0.4031867003 
-0.0341027489 -0.0599040155 0.4079834058 
2 24.8008520341 1.3185527421 -24.5751230049 -5.7886715469 
0.1397610704 0.1733786692 0.4133946464 
-0.0482727449 -0.0586729502 0.4173830978 
3 24.2826113045 1.3252130085 -24.1755070203 -5.9368174727 
0.1252047186 0.1742914333 0.3828490150 
-0.0598498056 -0.0576281977 0.3845752809 
4 23.7949717989 1.2985719429 -23.7638305532 -6.0432017281 
0.1140450780 0.1748087781 0.3530290911 
-0.0681093558 -0.0572052753 0.3528337427 
5 23.8608544342 1.4755190208 -23.9861394456 -6.2476899076 
0.1005138626 0.1753689204 0.3632033389 
-0.0822994652 -0.0557059542 0.3622457658 

(5,25)
1 26.2175087003 5.6858874355 -30.9351374055 -11.9479779191 
-0.2392909296 0.1796507373 0.6913783047 
-0.4385120748 -0.0254527930 0.6705602455 
2 26.2643105724 5.8343933757 -31.1779671187 -12.1864874595 
-0.2530897522 0.1801557967 0.7015377989 
-0.4525482326 -0.0239478068 0.6797404102 
3 25.7973718949 5.8268330733 -30.8060722429 -12.3668546742 
-0.2672332392 0.1812924439 0.6707867152 
-0.4640735521 -0.0231490278 0.6471019136 
4 25.3631945278 5.7991119645 -30.4203168127 -12.4887195488 
-0.2778045394 0.1825239766 0.6409805651 
-0.4722067749 -0.0224031437 0.6157611818 
5 25.4146765871 5.9404176167 -30.6633265331 -12.7292091684 
-0.2913099655 0.1827642934 0.6511687408 
-0.4859661642 -0.0212290658 0.6250198185 

(0,25)
1 33.1197047882 4.7019680787 -34.4780391216 -7.8798151926 
0.0693192610 0.1613020287 1.0898658153 
-0.1658559319 -0.0501351629 1.1086200592 
2 33.1510260410 4.8592943718 -34.6944077763 -8.0891635665 
0.0558764199 0.1614464049 1.1003689290 
-0.1795384974 -0.0488362007 1.1180566526 
3 32.6835473419 4.8483139326 -34.3928957158 -8.2488299532 
0.0418810779 0.1619794994 1.0698608024 
-0.1912025858 -0.0481955791 1.0851876036 
4 32.2425297012 4.8261730469 -34.0733829353 -8.3577343094 
0.0309595851 0.1632124324 1.0395993524 
-0.1999388064 -0.0470208446 1.0529388719 
5 32.2652106084 4.9905196208 -34.2890315613 -8.5744629785 
0.0169028598 0.1637767273 1.0493914672 
-0.2141946457 -0.0452821926 1.0616110529 

(0,20)
1 32.3748349934 -0.3164526581 -28.4870394816 -2.1824072963 
0.4666036876 0.1589143084 0.7996642753 
0.2427746547 -0.0872720470 0.8487480114 
2 32.4075963039 -0.1283451338 -28.6927877115 -2.3669146766 
0.4529035726 0.1587775101 0.8100574121 
0.2284771988 -0.0861790570 0.8581742709 
3 31.8871954878 -0.1062042482 -28.3561742470 -2.5004800192 
0.4383138751 0.1595479177 0.7794802942 
0.2162588249 -0.0848734302 0.8248595311 
4 31.4018960758 -0.1276251050 -28.0069602784 -2.5874234969 
0.4276447854 0.1600923103 0.7495912288 
0.2079323238 -0.0840719803 0.7926442021 
5 31.4360974439 0.0702028081 -28.2132485299 -2.7704908196 
0.4137703893 0.1605959116 0.7597003283 
0.1934334338 -0.0823274892 0.8018040830 

(0,15)
1 31.4503180127 -6.4280571223 -22.8276131045 2.6029041162 
0.8613722340 0.1539782547 0.5098259688 
0.6615655451 -0.1296603360 0.5848317695 
2 31.4864994600 -6.1951278051 -23.0175207008 2.4461178447 
0.8475510311 0.1540084918 0.5199537310 
0.6466739610 -0.1283060609 0.5941468091 
3 30.9020160806 -6.1477859114 -22.6643465739 2.3417136685 
0.8329779018 0.1545915526 0.4896627983 
0.6344906701 -0.1266189180 0.5607053624 
4 30.3538941558 -6.1458058322 -22.3025321013 2.2702508100 
0.8218379398 0.1549965260 0.4599991009 
0.6257978520 -0.1254317929 0.5282932666 
5 30.3999759990 -5.9141365655 -22.4913596544 2.1183247330 
0.8084016908 0.1553945691 0.4700815019 
0.6112726218 -0.1237765674 0.5376429991 

(0,10)
1 30.2599303972 -13.7926917077 -17.6045241810 6.6363254530 
1.2529176007 0.1479364520 0.2210126257 
1.0919546721 -0.1747288959 0.3161005888 
2 30.3103324133 -13.5050402016 -17.7884915397 6.5092403696 
1.2391274988 0.1484847401 0.2314895434 
1.0764723441 -0.1727214291 0.3259727704 
3 29.6347653906 -13.4188167527 -17.4155166207 6.4197767911 
1.2242190107 0.1485534106 0.2007915512 
1.0638961515 -0.1708884745 0.2917475171 
4 29.0150006000 -13.3883955358 -17.0450618025 6.3614544582 
1.2130797187 0.1486171531 0.1713295087 
1.0551937723 -0.1694736129 0.2592434305 
5 29.0729629185 -13.1106444258 -17.2216488660 6.2354494180 
1.1996842742 0.1492059416 0.1814833225 
1.0401687588 -0.1675608970 0.2688538148 

(0,5)
1 28.6854074163 -22.4364574583 -12.8422536901 10.0487219489 
1.6399677624 0.1418682625 -0.0667108474 
1.5335518884 -0.2195919577 0.0417595297 
2 28.7494899796 -22.1068642746 -13.0033601344 9.9390975639 
1.6263322208 0.1422614551 -0.0565540205 
1.5177035626 -0.2178341866 0.0515606496 
3 27.9718588744 -21.9750990040 -12.6334453378 9.8685347414 
1.6117507131 0.1419933106 -0.0869172587 
1.5050953820 -0.2154638883 0.0174753772 
4 -21.9133565343 -12.2628105124 9.8184927397 18.4071762871 
1.2282730391 0.9156005361 -1.8016349052 
1.3199451082 0.7515615433 -1.7707904160 
5 27.3141125645 -21.5900636025 -12.4204968199 9.7103084123 
1.5871065076 0.1419696456 -0.1066079588 
1.4805806372 -0.2120380563 -0.0058764834 

(0,0)
1 26.4799591984 -32.3487339494 -8.5318012721 12.9529581183 
2.0261058828 0.1326680412 -0.3548282229 
1.9896987580 -0.2649425135 -0.2398351050 
2 26.5715828633 -31.9762990520 -8.6768870755 12.8640345614 
2.0124956652 0.1335771091 -0.3446939203 
1.9733437028 -0.2627732311 -0.2298241083 
3 25.6414856594 -31.7939517581 -8.3075123005 12.8006720269 
1.9981346640 0.1324342305 -0.3753762252 
1.9602644443 -0.2602894341 -0.2642249643 
4 24.7630505220 -31.6877475099 -7.9462378495 12.7630505220 
1.9872487596 0.1316865329 -0.4052822994 
1.9510306081 -0.2577903384 -0.2974769023 
5 24.8721348854 -31.3316932677 -8.0875435017 12.6689067563 
1.9739261233 0.1321001633 -0.3951525496 
1.9351357284 -0.2563349256 -0.2874575863 
