-7.51710081 11.66446685 -9.41797637 -1.29605186
11.66446685 -9.41797637 -1.20964837 -7.60350418
11.66446685 -9.41797637 -1.29605186 -7.68990755
11.75087070 -9.59078311 -1.29605186 -7.60350418
11.66446685 -9.50438022 -1.29605186 -7.68990755
11.75087070 -9.41797637 -1.29605186 -7.60350418
11.75087070 -9.41797637 -1.29605186 -7.60350418
11.66446685 -9.41797637 -1.29605186 -7.60350418
11.66446685 -9.50438022 -1.29605186 -7.51710081
11.66446685 -9.41797637 -1.20964837 -7.60350418
11.66446685 -9.50438022 -1.29605186 -7.68990755
11.66446685 -9.50438022 -1.29605186 -7.60350418
11.66446685 -9.41797637 -1.38245523 -7.68990755
11.66446685 -9.41797637 -1.38245523 -7.60350418
11.66446685 -9.41797637 -1.29605186 -7.68990755
11.75087070 -9.33157348 -1.38245523 -7.68990755
11.75087070 -9.41797637 -1.38245523 -7.60350418
11.75087070 -9.50438022 -1.29605186 -7.68990755
11.75087070 -9.41797637 -1.29605186 -7.68990755
11.75087070 -9.33157348 -1.29605186 -7.60350418
11.75087070 -9.50438022 -1.29605186 -7.68990755
11.66446685 -9.41797637 -1.29605186 -7.68990755
11.66446685 -9.50438022 -1.29605186 -7.60350418
11.66446685 -9.41797637 -1.29605186 -7.60350418
11.66446685 -9.50438022 -1.29605186 -7.60350418
11.75087070 -9.33157348 -1.29605186 -7.60350418
11.66446685 -9.33157348 -1.29605186 -7.60350418
11.75087070 -9.50438022 -1.29605186 -7.60350418
11.66446685 -9.50438022 -1.29605186 -7.60350418
11.66446685 -9.41797637 -1.38245523 -7.60350418
11.75087070 -9.41797637 -1.29605186 -7.60350418
11.75087070 -9.41797637 -1.29605186 -7.68990755
11.66446685 -9.41797637 -1.20964837 -7.68990755
11.75087070 -9.41797637 -1.29605186 -7.60350418
11.66446685 -9.41797637 -1.20964837 -7.51710081
11.66446685 -9.50438022 -1.29605186 -7.60350418
11.66446685 -9.41797637 -1.29605186 -7.68990755
11.75087070 -9.50438022 -1.20964837 -7.68990755
11.66446685 -9.41797637 -1.29605186 -7.60350418
11.66446685 -9.41797637 -1.20964837 -7.60350418
11.75087070 -9.41797637 -1.29605186 -7.60350418
11.75087070 -9.41797637 -1.29605186 -7.60350418
11.75087070 -9.50438022 -1.20964837 -7.60350418
11.66446685 -9.41797637 -1.38245523 -7.60350418
11.49166011 -9.50438022 -1.29605186 -7.68990755
11.75087070 -9.41797637 -1.38245523 -7.60350418
11.75087070 -9.50438022 -1.38245523 -7.60350418
11.75087070 -9.50438022 -1.20964837 -7.60350418
11.75087070 -9.50438022 -1.38245523 -7.68990755
11.75087070 -9.50438022 -1.29605186 -7.60350418
11.66446685 -9.41797637 -1.38245523 -7.60350418
11.66446685 -9.50438022 -1.29605186 -7.60350418
11.75087070 -9.41797637 -1.29605186 -7.51710081
11.66446685 -9.33157348 -1.38245523 -7.60350418
11.66446685 -9.50438022 -1.20964837 -7.60350418
11.75087070 -9.41797637 -1.29605186 -7.60350418
11.66446685 -9.41797637 -1.20964837 -7.60350418
11.66446685 -9.50438022 -1.29605186 -7.60350418
11.66446685 -9.41797637 -1.38245523 -7.60350418
11.75087070 -9.50438022 -1.29605186 -7.60350418
11.66446685 -9.50438022 -1.29605186 -7.60350418
11.66446685 -9.50438022 -1.29605186 -7.68990755
11.75087070 -9.41797637 -1.38245523 -7.60350418
11.75087070 -9.41797637 -1.29605186 -7.60350418
11.75087070 -9.41797637 -1.38245523 -7.60350418
11.66446685 -9.33157348 -1.38245523 -7.60350418
11.66446685 -9.50438022 -1.29605186 -7.60350418
11.66446685 -9.50438022 -1.29605186 -7.60350418
11.66446685 -9.50438022 -1.20964837 -7.68990755
11.66446685 -9.41797637 -1.29605186 -7.60350418
11.75087070 -9.41797637 -1.38245523 -7.68990755
11.66446685 -9.50438022 -1.29605186 -7.60350418
11.75087070 -9.50438022 -1.29605186 -7.60350418
11.75087070 -9.50438022 -1.38245523 -7.60350418
11.75087070 -9.41797637 -1.38245523 -7.60350418
11.75087070 -9.50438022 -1.29605186 -7.60350418
11.66446685 -9.33157348 -1.29605186 -7.60350418
11.57806396 -9.41797637 -1.38245523 -7.60350418
11.66446685 -9.50438022 -1.20964837 -7.60350418
11.66446685 -9.50438022 -1.29605186 -7.60350418
11.75087070 -9.50438022 -1.29605186 -7.60350418
11.75087070 -9.41797637 -1.29605186 -7.68990755
11.66446685 -9.41797637 -1.38245523 -7.60350418
11.66446685 -9.50438022 -1.29605186 -7.60350418
11.75087070 -9.50438022 -1.29605186 -7.60350418
11.75087070 -9.50438022 -1.29605186 -7.60350418
11.66446685 -9.50438022 -1.20964837 -7.60350418
11.75087070 -9.50438022 -1.29605186 -7.51710081
11.66446685 -9.50438022 -1.29605186 -7.60350418
11.66446685 -9.41797637 -1.20964837 -7.60350418
11.75087070 -9.41797637 -1.29605186 -7.60350418
11.75087070 -9.50438022 -1.20964837 -7.60350418
11.75087070 -9.50438022 -1.38245523 -7.60350418
11.75087070 -9.41797637 -1.20964837 -7.60350418
11.75087070 -9.50438022 -1.29605186 -7.60350418
11.57806396 -9.50438022 -1.20964837 -7.60350418
11.66446685 -9.41797637 -1.29605186 -7.60350418
11.66446685 -9.50438022 -1.20964837 -7.60350418
11.66446685 -9.41797637 -1.29605186 -7.60350418
11.75087070 -9.41797637 -1.38245523 -7.60350418
11.75087070 -9.50438022 -1.29605186 -7.60350418
11.66446685 -9.41797637 -1.20964837 -7.60350418
11.66446685 -9.50438022 -1.20964837 -7.60350418
11.66446685 -9.41797637 -1.29605186 -7.60350418
11.75087070 -9.41797637 -1.38245523 -7.60350418
11.66446685 -9.41797637 -1.29605186 -7.60350418
11.66446685 -9.41797637 -1.38245523 -7.60350418
11.75087070 -9.41797637 -1.38245523 -7.68990755
11.66446685 -9.41797637 -1.38245523 -7.60350418
11.75087070 -9.41797637 -1.38245523 -7.60350418
11.75087070 -9.50438022 -1.29605186 -7.60350418
11.66446685 -9.41797637 -1.20964837 -7.60350418
11.75087070 -9.41797637 -1.29605186 -7.60350418
11.75087070 -9.50438022 -1.20964837 -7.60350418
11.75087070 -9.50438022 -1.29605186 -7.68990755
11.75087070 -9.41797637 -1.29605186 -7.60350418
11.66446685 -9.41797637 -1.29605186 -7.60350418
11.66446685 -9.50438022 -1.29605186 -7.60350418
11.66446685 -9.50438022 -1.29605186 -7.68990755
11.66446685 -9.50438022 -1.38245523 -7.60350418
11.75087070 -9.41797637 -1.29605186 -7.60350418
11.66446685 -9.41797637 -1.38245523 -7.60350418
11.66446685 -9.50438022 -1.29605186 -7.60350418
11.66446685 -9.41797637 -1.38245523 -7.60350418
11.66446685 -9.41797637 -1.29605186 -7.68990755
11.75087070 -9.41797637 -1.29605186 -7.60350418
11.66446685 -9.41797637 -1.29605186 -7.60350418
11.75087070 -9.41797637 -1.20964837 -7.60350418
11.75087070 -9.41797637 -1.29605186 -7.60350418
11.75087070 -9.41797637 -1.29605186 -7.60350418
11.66446685 -9.50438022 -1.29605186 -7.60350418
11.66446685 -9.41797637 -1.20964837 -7.60350418
11.66446685 -9.50438022 -1.29605186 -7.60350418
11.66446685 -9.50438022 -1.29605186 -7.60350418
11.75087070 -9.41797637 -1.29605186 -7.60350418
11.66446685 -9.50438022 -1.20964837 -7.51710081
11.66446685 -9.33157348 -1.38245523 -7.60350418
11.66446685 -9.50438022 -1.38245523 -7.60350418
11.75087070 -9.50438022 -1.29605186 -7.60350418
11.66446685 -9.50438022 -1.20964837 -7.60350418
11.75087070 -9.50438022 -1.20964837 -7.60350418
11.66446685 -9.41797637 -1.29605186 -7.60350418
11.66446685 -9.50438022 -1.29605186 -7.60350418
11.66446685 -9.41797637 -1.29605186 -7.60350418
11.66446685 -9.50438022 -1.20964837 -7.68990755
11.66446685 -9.41797637 -1.29605186 -7.60350418
11.75087070 -9.50438022 -1.20964837 -7.60350418
11.66446685 -9.41797637 -1.38245523 -7.68990755
11.66446685 -9.33157348 -1.38245523 -7.60350418
11.66446685 -9.41797637 -1.29605186 -7.60350418
11.75087070 -9.50438022 -1.20964837 -7.51710081
11.66446685 -9.50438022 -1.20964837 -7.60350418
11.66446685 -9.33157348 -1.29605186 -7.60350418
11.66446685 -9.41797637 -1.38245523 -7.60350418
11.66446685 -9.50438022 -1.29605186 -7.68990755
11.75087070 -9.50438022 -1.38245523 -7.60350418
11.75087070 -9.41797637 -1.20964837 -7.60350418
11.66446685 -9.41797637 -1.29605186 -7.60350418
11.57806396 -9.50438022 -1.20964837 -7.51710081
11.75087070 -9.41797637 -1.29605186 -7.60350418
11.75087070 -9.41797637 -1.20964837 -7.60350418
11.66446685 -9.41797637 -1.29605186 -7.60350418
11.66446685 -9.50438022 -1.29605186 -7.60350418
11.66446685 -9.41797637 -1.29605186 -7.68990755
11.66446685 -9.33157348 -1.38245523 -7.60350418
11.66446685 -9.41797637 -1.29605186 -7.60350418
11.66446685 -9.50438022 -1.29605186 -7.60350418
11.66446685 -9.50438022 -1.29605186 -7.51710081
11.66446685 -9.50438022 -1.29605186 -7.60350418
11.66446685 -9.41797637 -1.38245523 -7.60350418
11.75087070 -9.41797637 -1.29605186 -7.60350418
11.66446685 -9.50438022 -1.20964837 -7.60350418
11.66446685 -9.41797637 -1.38245523 -7.60350418
11.75087070 -9.41797637 -1.29605186 -7.60350418
11.66446685 -9.50438022 -1.29605186 -7.60350418
11.66446685 -9.50438022 -1.29605186 -7.60350418
11.75087070 -9.50438022 -1.20964837 -7.60350418
11.75087070 -9.41797637 -1.29605186 -7.60350418
11.75087070 -9.33157348 -1.38245523 -7.60350418
11.75087070 -9.50438022 -1.29605186 -7.51710081
11.75087070 -9.50438022 -1.20964837 -7.60350418
11.75087070 -9.41797637 -1.29605186 -7.60350418
11.75087070 -9.41797637 -1.29605186 -7.60350418
11.66446685 -9.41797637 -1.29605186 -7.68990755
11.66446685 -9.50438022 -1.20964837 -7.60350418
11.66446685 -9.50438022 -1.29605186 -7.60350418
11.92367744 -9.41797637 -1.29605186 -7.60350418
11.66446685 -9.41797637 -1.29605186 -7.60350418
11.75087070 -9.50438022 -1.29605186 -7.68990755
11.75087070 -9.41797637 -1.29605186 -7.60350418
11.66446685 -9.41797637 -1.20964837 -7.60350418
11.75087070 -9.41797637 -1.29605186 -7.60350418
11.66446685 -9.50438022 -1.29605186 -7.51710081
11.75087070 -9.41797637 -1.20964837 -7.60350418
11.75087070 -9.41797637 -1.29605186 -7.60350418
11.66446685 -9.50438022 -1.29605186 -7.60350418
11.75087070 -9.33157348 -1.29605186 -7.60350418
11.66446685 -9.50438022 -1.46885881 -7.60350418
11.66446685 -9.50438022 -1.38245523 -7.60350418
11.66446685 -9.41797637 -1.29605186 -7.60350418
11.66446685 -9.50438022 -1.20964837 -7.60350418
11.66446685 -9.41797637 -1.29605186 -7.60350418
11.66446685 -9.50438022 -1.29605186 -7.60350418
11.66446685 -9.50438022 -1.29605186 -7.60350418
11.66446685 -9.41797637 -1.20964837 -7.60350418
11.66446685 -9.41797637 -1.29605186 -7.60350418
11.66446685 -9.59078311 -1.20964837 -7.60350418
11.66446685 -9.50438022 -1.29605186 -7.60350418
11.66446685 -9.50438022 -1.29605186 -7.60350418
11.75087070 -9.50438022 -1.29605186 -7.60350418
11.75087070 -9.50438022 -1.38245523 -7.68990755
11.66446685 -9.50438022 -1.38245523 -7.60350418
11.75087070 -9.41797637 -1.20964837 -7.60350418
11.66446685 -9.41797637 -1.38245523 -7.60350418
11.66446685 -9.50438022 -1.20964837 -7.51710081
11.75087070 -9.50438022 -1.38245523 -7.60350418
11.66446685 -9.41797637 -1.29605186 -7.68990755
11.66446685 -9.41797637 -1.29605186 -7.60350418
11.66446685 -9.50438022 -1.29605186 -7.60350418
11.66446685 -9.50438022 -1.29605186 -7.68990755
11.66446685 -9.41797637 -1.29605186 -7.60350418
11.75087070 -9.41797637 -1.29605186 -7.60350418
11.66446685 -9.41797637 -1.38245523 -7.68990755
11.66446685 -9.50438022 -1.29605186 -7.51710081
11.66446685 -9.50438022 -1.20964837 -7.60350418
11.75087070 -9.41797637 -1.38245523 -7.60350418
11.66446685 -9.50438022 -1.20964837 -7.60350418
11.75087070 -9.50438022 -1.29605186 -7.60350418
11.75087070 -9.41797637 -1.20964837 -7.51710081
11.66446685 -9.41797637 -1.29605186 -7.60350418
11.75087070 -9.50438022 -1.29605186 -7.60350418
11.75087070 -9.41797637 -1.38245523 -7.60350418
11.66446685 -9.33157348 -1.29605186 -7.68990755
11.66446685 -9.50438022 -1.29605186 -7.60350418
11.66446685 -9.41797637 -1.20964837 -7.60350418
11.66446685 -9.50438022 -1.29605186 -7.60350418
11.75087070 -9.50438022 -1.20964837 -7.60350418
11.75087070 -9.41797637 -1.29605186 -7.60350418
11.66446685 -9.41797637 -1.29605186 -7.60350418
11.66446685 -9.59078311 -1.29605186 -7.60350418
11.66446685 -9.41797637 -1.20964837 -7.51710081
11.66446685 -9.33157348 -1.38245523 -7.60350418
11.66446685 -9.41797637 -1.20964837 -7.60350418
11.66446685 -9.50438022 -1.29605186 -7.68990755
11.66446685 -9.41797637 -1.20964837 -7.60350418
11.75087070 -9.41797637 -1.38245523 -7.68990755
11.66446685 -9.41797637 -1.29605186 -7.60350418
11.75087070 -9.41797637 -1.29605186 -7.68990755
11.66446685 -9.50438022 -1.38245523 -7.60350418
11.75087070 -9.41797637 -1.29605186 -7.60350418
11.66446685 -9.50438022 -1.29605186 -7.51710081
11.66446685 -9.50438022 -1.29605186 -7.60350418
11.75087070 -9.41797637 -1.29605186 -7.60350418
11.75087070 -9.50438022 -1.20964837 -7.60350418
11.66446685 -9.41797637 -1.29605186 -7.60350418
11.66446685 -9.50438022 -1.29605186 -7.68990755
11.66446685 -9.41797637 -1.29605186 -7.68990755
11.75087070 -9.50438022 -1.29605186 -7.51710081
11.75087070 -9.41797637 -1.29605186 -7.68990755
11.75087070 -9.50438022 -1.29605186 -7.60350418
11.75087070 -9.41797637 -1.20964837 -7.60350418
11.75087070 -9.50438022 -1.20964837 -7.60350418
11.66446685 -9.41797637 -1.29605186 -7.60350418
11.66446685 -9.41797637 -1.29605186 -7.60350418
11.66446685 -9.41797637 -1.38245523 -7.68990755
11.66446685 -9.41797637 -1.29605186 -7.60350418
11.75087070 -9.50438022 -1.29605186 -7.68990755
11.66446685 -9.41797637 -1.29605186 -7.60350418
11.75087070 -9.33157348 -1.29605186 -7.68990755
11.75087070 -9.41797637 -1.29605186 -7.60350418
11.66446685 -9.50438022 -1.20964837 -7.51710081
11.66446685 -9.41797637 -1.29605186 -7.60350418
11.66446685 -9.41797637 -1.20964837 -7.60350418
11.66446685 -9.50438022 -1.38245523 -7.60350418
11.66446685 -9.50438022 -1.29605186 -7.51710081
11.75087070 -9.50438022 -1.29605186 -7.60350418
11.66446685 -9.41797637 -1.20964837 -7.60350418
11.75087070 -9.41797637 -1.38245523 -7.60350418
11.66446685 -9.41797637 -1.29605186 -7.60350418
11.66446685 -9.41797637 -1.38245523 -7.60350418
11.66446685 -9.41797637 -1.29605186 -7.51710081
11.75087070 -9.41797637 -1.38245523 -7.60350418
11.66446685 -9.41797637 -1.29605186 -7.68990755
11.66446685 -9.50438022 -1.29605186 -7.60350418
11.75087070 -9.41797637 -1.20964837 -7.60350418
11.75087070 -9.41797637 -1.29605186 -7.60350418
11.75087070 -9.50438022 -1.20964837 -7.51710081
11.75087070 -9.33157348 -1.29605186 -7.60350418
11.57806396 -9.41797637 -1.20964837 -7.60350418
11.75087070 -9.50438022 -1.29605186 -7.60350418
11.66446685 -9.41797637 -1.38245523 -7.68990755
11.66446685 -9.41797637 -1.38245523 -7.60350418
11.75087070 -9.50438022 -1.20964837 -7.60350418
11.66446685 -9.33157348 -1.38245523 -7.60350418
11.66446685 -9.41797637 -1.38245523 -7.68990755
11.66446685 -9.50438022 -1.29605186 -7.60350418
11.66446685 -9.41797637 -1.20964837 -7.60350418
11.75087070 -9.50438022 -1.29605186 -7.60350418
11.66446685 -9.50438022 -1.38245523 -7.60350418
11.75087070 -9.41797637 -1.29605186 -7.68990755
11.66446685 -9.41797637 -1.29605186 -7.60350418
11.66446685 -9.41797637 -1.29605186 -7.60350418
11.75087070 -9.41797637 -1.38245523 -7.60350418
11.75087070 -9.50438022 -1.29605186 -7.51710081
11.66446685 -9.50438022 -1.29605186 -7.60350418
11.75087070 -9.41797637 -1.29605186 -7.60350418
11.66446685 -9.50438022 -1.29605186 -7.51710081
11.66446685 -9.41797637 -1.38245523 -7.60350418
11.66446685 -9.41797637 -1.29605186 -7.60350418
11.75087070 -9.50438022 -1.20964837 -7.60350418
11.66446685 -9.41797637 -1.38245523 -7.60350418
11.75087070 -9.50438022 -1.29605186 -7.68990755
11.66446685 -9.50438022 -1.20964837 -7.60350418
11.66446685 -9.50438022 -1.29605186 -7.60350418
11.75087070 -9.41797637 -1.29605186 -7.68990755
11.66446685 -9.50438022 -1.29605186 -7.68990755
11.66446685 -9.50438022 -1.29605186 -7.60350418
11.66446685 -9.50438022 -1.29605186 -7.60350418
11.66446685 -9.50438022 -1.29605186 -7.60350418
11.66446685 -9.41797637 -1.29605186 -7.60350418
11.66446685 -9.50438022 -1.29605186 -7.60350418
11.66446685 -9.50438022 -1.29605186 -7.51710081
11.75087070 -9.50438022 -1.29605186 -7.51710081
11.66446685 -9.41797637 -1.38245523 -7.60350418
11.66446685 -9.41797637 -1.29605186 -7.68990755
11.75087070 -9.41797637 -1.29605186 -7.60350418
11.66446685 -9.50438022 -1.20964837 -7.60350418
11.75087070 -9.41797637 -1.29605186 -7.60350418
11.66446685 -9.41797637 -1.29605186 -7.60350418
11.66446685 -9.41797637 -1.29605186 -7.60350418
11.75087070 -9.50438022 -1.29605186 -7.60350418
11.66446685 -9.50438022 -1.20964837 -7.68990755
11.66446685 -9.50438022 -1.29605186 -7.68990755
11.75087070 -9.41797637 -1.38245523 -7.60350418
11.66446685 -9.33157348 -1.29605186 -7.60350418
11.66446685 -9.41797637 -1.29605186 -7.60350418
11.66446685 -9.41797637 -1.29605186 -7.60350418
11.75087070 -9.41797637 -1.38245523 -7.60350418
11.66446685 -9.50438022 -1.29605186 -7.60350418
11.66446685 -9.41797637 -1.38245523 -7.60350418
11.75087070 -9.33157348 -1.20964837 -7.51710081
11.75087070 -9.41797637 -1.20964837 -7.60350418
11.66446685 -9.41797637 -1.38245523 -7.60350418
11.66446685 -9.41797637 -1.29605186 -7.60350418
11.66446685 -9.41797637 -1.20964837 -7.51710081
11.75087070 -9.41797637 -1.29605186 -7.60350418
11.75087070 -9.41797637 -1.20964837 -7.68990755
11.66446685 -9.50438022 -1.29605186 -7.60350418
11.57806396 -9.50438022 -1.20964837 -7.60350418
11.66446685 -9.41797637 -1.29605186 -7.60350418
11.66446685 -9.41797637 -1.29605186 -7.68990755
11.75087070 -9.50438022 -1.29605186 -7.60350418
11.66446685 -9.50438022 -1.29605186 -7.60350418
11.66446685 -9.41797637 -1.29605186 -7.60350418
11.75087070 -9.50438022 -1.29605186 -7.60350418
11.66446685 -9.41797637 -1.29605186 -7.60350418
11.75087070 -9.41797637 -1.20964837 -7.60350418
11.66446685 -9.41797637 -1.38245523 -7.60350418
11.75087070 -9.41797637 -1.29605186 -7.60350418
11.75087070 -9.41797637 -1.38245523 -7.60350418
11.75087070 -9.50438022 -1.29605186 -7.51710081
11.75087070 -9.41797637 -1.29605186 -7.60350418
11.75087070 -9.33157348 -1.29605186 -7.60350418
11.66446685 -9.41797637 -1.29605186 -7.60350418
11.75087070 -9.41797637 -1.29605186 -7.60350418
11.66446685 -9.41797637 -1.29605186 -7.60350418
11.75087070 -9.50438022 -1.20964837 -7.60350418
11.75087070 -9.41797637 -1.29605186 -7.60350418
11.66446685 -9.33157348 -1.20964837 -7.60350418
11.75087070 -9.50438022 -1.29605186 -7.60350418
11.75087070 -9.33157348 -1.38245523 -7.60350418
11.66446685 -9.41797637 -1.29605186 -7.68990755
11.66446685 -9.33157348 -1.20964837 -7.60350418
11.66446685 -9.50438022 -1.20964837 -7.60350418
11.75087070 -9.50438022 -1.20964837 -7.60350418
11.66446685 -9.41797637 -1.29605186 -7.68990755
11.75087070 -9.33157348 -1.20964837 -7.60350418
11.75087070 -9.41797637 -1.29605186 -7.60350418
11.75087070 -9.41797637 -1.38245523 -7.60350418
11.75087070 -9.41797637 -1.29605186 -7.68990755
11.75087070 -9.41797637 -1.29605186 -7.51710081
11.66446685 -9.50438022 -1.29605186 -7.60350418
11.75087070 -9.41797637 -1.29605186 -7.60350418
11.66446685 -9.50438022 -1.38245523 -7.60350418
11.75087070 -9.41797637 -1.29605186 -7.60350418
11.75087070 -9.41797637 -1.29605186 -7.60350418
11.75087070 -9.41797637 -1.29605186 -7.68990755
11.75087070 -9.41797637 -1.29605186 -7.60350418
11.75087070 -9.33157348 -1.29605186 -7.68990755
11.75087070 -9.50438022 -1.20964837 -7.60350418
11.75087070 -9.50438022 -1.29605186 -7.60350418
11.75087070 -9.41797637 -1.29605186 -7.60350418
11.66446685 -9.50438022 -1.29605186 -7.60350418
11.75087070 -9.41797637 -1.20964837 -7.60350418
11.75087070 -9.50438022 -1.29605186 -7.60350418
11.75087070 -9.41797637 -1.29605186 -7.60350418
11.75087070 -9.41797637 -1.29605186 -7.60350418
11.66446685 -9.41797637 -1.38245523 -7.60350418
11.66446685 -9.41797637 -1.38245523 -7.60350418
11.66446685 -9.41797637 -1.29605186 -7.60350418
11.66446685 -9.41797637 -1.29605186 -7.60350418
11.66446685 -9.50438022 -1.20964837 -7.60350418
11.66446685 -9.50438022 -1.29605186 -7.60350418
11.66446685 -9.50438022 -1.38245523 -7.68990755
11.66446685 -9.41797637 -1.29605186 -7.60350418
11.66446685 -9.50438022 -1.38245523 -7.60350418
11.66446685 -9.50438022 -1.29605186 -7.60350418
11.66446685 -9.41797637 -1.38245523 -7.68990755
11.66446685 -9.41797637 -1.29605186 -7.60350418
11.66446685 -9.50438022 -1.38245523 -7.60350418
11.66446685 -9.50438022 -1.29605186 -7.60350418
11.75087070 -9.41797637 -1.29605186 -7.60350418
11.66446685 -9.41797637 -1.20964837 -7.60350418
11.75087070 -9.41797637 -1.29605186 -7.60350418
11.75087070 -9.33157348 -1.29605186 -7.60350418
11.75087070 -9.41797637 -1.20964837 -7.60350418
11.66446685 -9.50438022 -1.38245523 -7.60350418
11.66446685 -9.41797637 -1.38245523 -7.60350418
11.75087070 -9.50438022 -1.29605186 -7.60350418
11.66446685 -9.41797637 -1.29605186 -7.68990755
11.75087070 -9.50438022 -1.20964837 -7.60350418
11.66446685 -9.41797637 -1.29605186 -7.60350418
11.66446685 -9.50438022 -1.29605186 -7.51710081
11.66446685 -9.50438022 -1.29605186 -7.60350418
11.66446685 -9.50438022 -1.38245523 -7.60350418
11.66446685 -9.41797637 -1.38245523 -7.60350418
11.66446685 -9.50438022 -1.29605186 -7.60350418
11.66446685 -9.41797637 -1.20964837 -7.68990755
11.66446685 -9.50438022 -1.29605186 -7.60350418
11.66446685 -9.33157348 -1.38245523 -7.60350418
11.75087070 -9.50438022 -1.38245523 -7.60350418
11.75087070 -9.41797637 -1.20964837 -7.51710081
11.66446685 -9.41797637 -1.29605186 -7.60350418
11.66446685 -9.33157348 -1.38245523 -7.60350418
11.66446685 -9.50438022 -1.29605186 -7.60350418
11.66446685 -9.41797637 -1.29605186 -7.60350418
11.66446685 -9.50438022 -1.29605186 -7.60350418
11.66446685 -9.41797637 -1.20964837 -7.60350418
11.75087070 -9.50438022 -1.29605186 -7.60350418
11.66446685 -9.41797637 -1.38245523 -7.60350418
11.66446685 -9.41797637 -1.29605186 -7.60350418
11.66446685 -9.41797637 -1.38245523 -7.60350418
11.66446685 -9.50438022 -1.29605186 -7.60350418
11.66446685 -9.50438022 -1.29605186 -7.68990755
11.66446685 -9.41797637 -1.29605186 -7.60350418
11.75087070 -9.41797637 -1.38245523 -7.60350418
11.75087070 -9.50438022 -1.29605186 -7.60350418
11.75087070 -9.41797637 -1.38245523 -7.68990755
11.75087070 -9.50438022 -1.38245523 -7.60350418
11.66446685 -9.41797637 -1.20964837 -7.60350418
11.75087070 -9.50438022 -1.38245523 -7.60350418
11.75087070 -9.41797637 -1.29605186 -7.68990755
11.66446685 -9.50438022 -1.20964837 -7.60350418
11.75087070 -9.41797637 -1.29605186 -7.68990755
11.66446685 -9.41797637 -1.20964837 -7.51710081
11.66446685 -9.41797637 -1.29605186 -7.68990755
11.66446685 -9.41797637 -1.29605186 -7.68990755
11.57806396 -9.50438022 -1.20964837 -7.51710081
11.66446685 -9.41797637 -1.38245523 -7.60350418
11.75087070 -9.41797637 -1.29605186 -7.60350418
11.75087070 -9.41797637 -1.29605186 -7.60350418
11.75087070 -9.41797637 -1.29605186 -7.60350418
11.75087070 -9.41797637 -1.29605186 -7.68990755
11.66446685 -9.41797637 -1.29605186 -7.60350418
11.75087070 -9.41797637 -1.29605186 -7.60350418
11.75087070 -9.41797637 -1.29605186 -7.60350418
11.66446685 -9.41797637 -1.29605186 -7.60350418
11.66446685 -9.41797637 -1.29605186 -7.60350418
11.75087070 -9.50438022 -1.29605186 -7.60350418
11.66446685 -9.41797637 -1.38245523 -7.68990755
11.66446685 -9.41797637 -1.29605186 -7.60350418
11.66446685 -9.50438022 -1.29605186 -7.60350418
11.75087070 -9.50438022 -1.38245523 -7.60350418
11.66446685 -9.50438022 -1.20964837 -7.60350418
11.75087070 -9.41797637 -1.29605186 -7.60350418
11.66446685 -9.50438022 -1.29605186 -7.60350418
11.66446685 -9.59078311 -1.29605186 -7.60350418
11.66446685 -9.50438022 -1.38245523 -7.60350418
11.75087070 -9.41797637 -1.29605186 -7.60350418
11.66446685 -9.41797637 -1.38245523 -7.68990755
11.75087070 -9.41797637 -1.20964837 -7.60350418
11.66446685 -9.50438022 -1.20964837 -7.60350418
11.75087070 -9.41797637 -1.29605186 -7.60350418
11.66446685 -9.50438022 -1.38245523 -7.60350418
11.66446685 -9.41797637 -1.29605186 -7.60350418
11.75087070 -9.33157348 -1.29605186 -7.68990755
11.75087070 -9.41797637 -1.38245523 -7.60350418
11.66446685 -9.50438022 -1.38245523 -7.60350418
11.66446685 -9.41797637 -1.20964837 -7.60350418
11.75087070 -9.41797637 -1.29605186 -7.60350418
11.66446685 -9.50438022 -1.38245523 -7.60350418
11.66446685 -9.41797637 -1.29605186 -7.60350418
11.75087070 -9.50438022 -1.29605186 -7.60350418
11.66446685 -9.41797637 -1.29605186 -7.60350418
11.66446685 -9.41797637 -1.38245523 -7.68990755
11.75087070 -9.41797637 -1.29605186 -7.60350418
11.66446685 -9.33157348 -1.38245523 -7.60350418
11.66446685 -9.41797637 -1.29605186 -7.60350418
11.66446685 -9.41797637 -1.38245523 -7.68990755
11.75087070 -9.50438022 -1.29605186 -7.60350418
11.75087070 -9.41797637 -1.38245523 -7.60350418
11.66446685 -9.50438022 -1.29605186 -7.60350418
11.75087070 -9.41797637 -1.29605186 -7.60350418
11.75087070 -9.50438022 -1.38245523 -7.60350418
11.75087070 -9.41797637 -1.29605186 -7.60350418
11.66446685 -9.41797637 -1.20964837 -7.60350418
11.75087070 -9.41797637 -1.29605186 -7.60350418
11.66446685 -9.41797637 -1.38245523 -7.60350418
11.66446685 -9.41797637 -1.38245523 -7.60350418
11.75087070 -9.50438022 -1.29605186 -7.60350418
11.66446685 -9.41797637 -1.38245523 -7.60350418
11.75087070 -9.50438022 -1.29605186 -7.60350418
11.66446685 -9.50438022 -1.29605186 -7.60350418
11.66446685 -9.50438022 -1.20964837 -7.60350418
11.75087070 -9.50438022 -1.29605186 -7.68990755
11.66446685 -9.41797637 -1.38245523 -7.60350418
11.66446685 -9.41797637 -1.29605186 -7.60350418
11.75087070 -9.41797637 -1.38245523 -7.60350418
11.49166011 -9.41797637 -1.29605186 -7.68990755
11.75087070 -9.41797637 -1.20964837 -7.60350418
11.75087070 -9.41797637 -1.29605186 -7.60350418
11.75087070 -9.50438022 -1.20964837 -7.60350418
11.66446685 -9.41797637 -1.29605186 -7.60350418
11.75087070 -9.41797637 -1.38245523 -7.68990755
11.66446685 -9.41797637 -1.29605186 -7.60350418
11.75087070 -9.41797637 -1.38245523 -7.60350418
11.66446685 -9.41797637 -1.29605186 -7.60350418
11.75087070 -9.50438022 -1.20964837 -7.60350418
11.66446685 -9.41797637 -1.29605186 -7.60350418
