-2.2977919117 -9.9054362174 11.5211808472 2.7312492500 
-2.2950918037 -9.9029161166 11.5206408256 2.7298091924 
-2.2936517461 -9.9032761310 11.5226209048 2.7274690988 
-2.2943717749 -9.9045361814 11.5150606024 2.7301692068 
-2.2914916597 -9.9061562462 11.5199207968 2.7290891636 
-2.2907716309 -9.9025561022 11.5197407896 2.7287291492 
-2.2965318613 -9.9025561022 11.5229809192 2.7285491420 
-2.2958118325 -9.9041761670 11.5204608184 2.7220688828 
-2.2936517461 -9.9068762751 11.5217208688 2.7290891636 
-2.2914916597 -9.9047161886 11.5226209048 2.7292691708 
-2.2913116525 -9.9005760230 11.5201008040 2.7278291132 
-2.2934717389 -9.9027361094 11.5183007320 2.7299891996 
-2.2927517101 -9.9032761310 11.5213608544 2.7294491780 
-2.2920316813 -9.9034561382 11.5192007680 2.7305292212 
-2.2922116885 -9.9012960518 11.5208208328 2.7305292212 
-2.2943717749 -9.9072362895 11.5201008040 2.7289091564 
-2.2929317173 -9.9039961598 11.5186607464 2.7305292212 
-2.2977919117 -9.9038161526 11.5271210848 2.7301692068 
-2.2900516021 -9.9029161166 11.5177607104 2.7292691708 
-2.2922116885 -9.9063362535 11.5220808832 2.7290891636 
-2.2929317173 -9.9025561022 11.5202808112 2.7233289332 
-2.2988719549 -9.9030961238 11.5195607824 2.7285491420 
-2.2938317533 -9.9021960878 11.5210008400 2.7312492500 
-2.2943717749 -9.9012960518 11.5188407536 2.7296291852 
-2.2968918757 -9.9027361094 11.5237009480 2.7276491060 
-2.2923916957 -9.9021960878 11.5224408976 2.7303492140 
-2.2938317533 -9.9095763831 11.5166806672 2.7274690988 
-2.2945517821 -9.9014760590 11.5206408256 2.7285491420 
-2.2938317533 -9.9032761310 11.5201008040 2.7317892716 
-2.2950918037 -9.9029161166 11.5204608184 2.7325093004 
-2.2909516381 -9.9032761310 11.5217208688 2.7283691348 
-2.2947317893 -9.9020160806 11.5202808112 2.7287291492 
-2.2934717389 -9.9032761310 11.5208208328 2.7294491780 
-2.2934717389 -9.9029161166 11.5217208688 2.7289091564 
-2.2940117605 -9.9075963039 11.5224408976 2.7305292212 
-2.2918516741 -9.9038161526 11.5208208328 2.7305292212 
-2.2934717389 -9.9038161526 11.5222608904 2.7296291852 
-2.2931117245 -9.9032761310 11.5211808472 2.7298091924 
-2.2954518181 -9.9036361454 11.5181207248 2.7328693148 
-2.2904116165 -9.9036361454 11.5213608544 2.7292691708 
-2.2925717029 -9.9032761310 11.5228009120 2.7316092644 
-2.2952718109 -9.9032761310 11.5246009840 2.7289091564 
-2.2949117965 -9.9075963039 11.5215408616 2.7287291492 
-2.2943717749 -9.9018360734 11.5226209048 2.7281891276 
-2.2925717029 -9.9005760230 11.5217208688 2.7299891996 
-2.2927517101 -9.9050762030 11.5199207968 2.7285491420 
-2.2913116525 -9.9061562462 11.5240609624 2.7218888756 
-2.2936517461 -9.9065162607 11.5204608184 2.7316092644 
-2.2943717749 -9.9041761670 11.5204608184 2.7263890556 
-2.2925717029 -9.9021960878 11.5202808112 2.7285491420 
