-1.0746429857 -9.0120604824 10.6843273731 2.3964358574 
-1.0721228849 -9.0129605184 10.6812672507 2.3960758430 
-1.0793231729 -9.0118804752 10.6841473659 2.3955358214 
-1.0726629065 -9.0145805832 10.6832473299 2.3971558862 
-1.0744629785 -9.0102604104 10.6864874595 2.3978759150 
-1.0746429857 -9.0127805112 10.6863074523 2.3964358574 
-1.0724828993 -9.0120604824 10.6773070923 2.3957158286 
-1.0744629785 -9.0118804752 10.6845073803 2.3966158646 
-1.0726629065 -9.0210608424 10.6823472939 2.3964358574 
-1.0724828993 -9.0131405256 10.6825273011 2.3939157566 
-1.0753630145 -9.0099003960 10.6854074163 2.3969758790 
-1.0744629785 -9.0192607704 10.6848673947 2.3957158286 
-1.0739229569 -9.0104404176 10.6857674307 2.3958958358 
-1.0787831513 -9.0147605904 10.6845073803 2.3971558862 
-1.0737429497 -9.0127805112 10.6828873155 2.3964358574 
-1.0726629065 -9.0099003960 10.6825273011 2.3951758070 
-1.0741029641 -9.0124204968 10.6850474019 2.3894155766 
-1.0735629425 -9.0145805832 10.6850474019 2.3971558862 
-1.0733829353 -9.0131405256 10.6848673947 2.3966158646 
-1.0764430577 -9.0158406336 10.6828873155 2.3951758070 
-1.0730229209 -9.0115204608 10.6818072723 2.3957158286 
-1.0737429497 -9.0131405256 10.6834273371 2.3953558142 
-1.0778831153 -9.0135005400 10.6884675387 2.3982359294 
-1.0726629065 -9.0131405256 10.6866674667 2.3993159726 
-1.0809432377 -9.0133205328 10.6854074163 2.3966158646 
-1.0742829713 -9.0138605544 10.6832473299 2.3966158646 
-1.0748229929 -9.0144005760 10.6863074523 2.3976959078 
-1.0755430217 -9.0131405256 10.6888275531 2.3969758790 
-1.0717628705 -9.0167406696 10.6846873875 2.3917556702 
-1.0744629785 -9.0118804752 10.6848673947 2.3958958358 
-1.0753630145 -9.0090003600 10.6825273011 2.3969758790 
-1.0753630145 -9.0118804752 10.6872074883 2.3973358934 
-1.0728429137 -9.0120604824 10.6836073443 2.3928357134 
-1.0757230289 -9.0142205688 10.6852274091 2.3976959078 
-1.0699627985 -9.0109804392 10.6852274091 2.3957158286 
-1.0726629065 -9.0122404896 10.6821672867 2.3978759150 
-1.0760830433 -9.0135005400 10.6848673947 2.3978759150 
-1.0753630145 -9.0120604824 10.6863074523 2.3949957998 
-1.0724828993 -9.0142205688 10.6864874595 2.3973358934 
-1.0726629065 -9.0145805832 10.6843273731 2.3985959438 
-1.0741029641 -9.0108004320 10.6846873875 2.3989559582 
-1.0732029281 -9.0104404176 10.6854074163 2.3946357854 
-1.0755430217 -9.0131405256 10.6868474739 2.3982359294 
-1.0791431657 -9.0111604464 10.6841473659 2.3935557422 
-1.0726629065 -9.0133205328 10.6841473659 2.3955358214 
-1.0764430577 -9.0136805472 10.6850474019 2.3962558502 
-1.0719428777 -9.0122404896 10.6848673947 2.3982359294 
-1.0746429857 -9.0091803672 10.6857674307 2.3969758790 
-1.0748229929 -9.0090003600 10.6845073803 2.3940957638 
-1.0724828993 -9.0174606984 10.6863074523 2.3964358574 
-1.0753630145 -9.0102604104 10.6852274091 2.3969758790 
