1.0618624745 -10.7781111244 9.6892475699 2.9128765151 
1.0625825033 -10.7764910596 9.6923076923 2.9128765151 
1.0609624385 -10.7777511100 9.6932077283 2.9112564503 
1.0625825033 -10.7790111604 9.6870874835 2.9110764431 
1.0622224889 -10.7777511100 9.6926677067 2.9101764071 
1.0624024961 -10.7784711388 9.6885275411 2.9116164647 
1.0604224169 -10.7777511100 9.6917676707 2.9128765151 
1.0613224529 -10.7791911676 9.6914076563 2.9164766591 
1.0627625105 -10.7844113765 9.6910476419 2.9105364215 
1.0618624745 -10.7768510740 9.6919476779 2.9099963999 
1.0634825393 -10.7781111244 9.6908676347 2.9132365295 
1.0633025321 -10.7784711388 9.6923076923 2.9092763711 
1.0629425177 -10.7784711388 9.6912276491 2.9114364575 
1.0602424097 -10.7763110524 9.6905076203 2.9067562703 
1.0633025321 -10.7761310452 9.6897875915 2.9033361334 
1.0643825753 -10.7802712108 9.6892475699 2.9107164287 
1.0633025321 -10.7777511100 9.6908676347 2.9144965799 
1.0622224889 -10.7772110884 9.6899675987 2.9121564863 
1.0624024961 -10.7795511820 9.6896075843 2.9112564503 
1.0643825753 -10.7768510740 9.6905076203 2.9125165007 
1.0607824313 -10.7799111964 9.6912276491 2.9116164647 
1.0642025681 -10.7757710308 9.6905076203 2.9117964719 
1.0631225249 -10.7763110524 9.6905076203 2.9134165367 
1.0618624745 -10.7772110884 9.6894275771 2.9143165727 
1.0631225249 -10.7775711028 9.6869074763 2.9146765871 
1.0622224889 -10.7759510380 9.6879875195 2.9123364935 
1.0647425897 -10.7745109804 9.6923076923 2.9139565583 
1.0643825753 -10.7835113405 9.6899675987 2.9096363855 
1.0611424457 -10.7788311532 9.6903276131 2.9105364215 
1.0620424817 -10.7777511100 9.6888875555 2.9087363495 
1.0618624745 -10.7777511100 9.6930277211 2.9132365295 
1.0633025321 -10.7782911316 9.6910476419 2.9096363855 
1.0625825033 -10.7766710668 9.6915876635 2.9116164647 
1.0647425897 -10.7786511460 9.6874474979 2.9112564503 
1.0625825033 -10.7772110884 9.6899675987 2.9107164287 
1.0604224169 -10.7766710668 9.6892475699 2.9126965079 
1.0636625465 -10.7781111244 9.6901476059 2.9130565223 
1.0667226689 -10.7773910956 9.6876275051 2.9114364575 
1.0629425177 -10.7764910596 9.6906876275 2.9121564863 
1.0595223809 -10.7772110884 9.6906876275 2.9137765511 
1.0613224529 -10.7772110884 9.6861874475 2.9137765511 
1.0640225609 -10.7759510380 9.6883475339 2.9114364575 
1.0622224889 -10.7781111244 9.6883475339 2.9121564863 
1.0615024601 -10.7779311172 9.6854674187 2.9085563423 
1.0616824673 -10.7773910956 9.6914076563 2.9125165007 
1.0622224889 -10.7768510740 9.6901476059 2.9110764431 
1.0624024961 -10.7795511820 9.6917676707 2.9112564503 
1.0633025321 -10.7786511460 9.6923076923 2.9101764071 
1.0629425177 -10.7797311892 9.6896075843 2.9125165007 
1.0616824673 -10.7797311892 9.6870874835 2.9099963999 
1.0638425537 -10.7786511460 9.6892475699 2.9042361694 
