0.7290291612 -10.0764430577 9.7616104644 2.6999279971 
0.7290291612 -10.0777031081 9.7616104644 2.6997479899 
0.7290291612 -10.0726629065 9.7596303852 2.7011880475 
0.7277691108 -10.0748229929 9.7576503060 2.6965078603 
0.7297491900 -10.0753630145 9.7616104644 2.7051482059 
0.7275891036 -10.0775231009 9.7594503780 2.6988479539 
0.7290291612 -10.0780631225 9.7572902916 2.7011880475 
0.7277691108 -10.0748229929 9.7610704428 2.7017280691 
0.7284891396 -10.0757230289 9.7580103204 2.6948877955 
0.7281291252 -10.0766230649 9.7614304572 2.7001080043 
0.7284891396 -10.0757230289 9.7617904716 2.7008280331 
0.7275891036 -10.0762630505 9.7621504860 2.6992079683 
0.7283091324 -10.0741029641 9.7596303852 2.6941677667 
0.7306492260 -10.0741029641 9.7558502340 2.7008280331 
0.7297491900 -10.0782431297 9.7616104644 2.7001080043 
0.7277691108 -10.0741029641 9.7605304212 2.7022680907 
0.7279491180 -10.0753630145 9.7587303492 2.6966878675 
0.7279491180 -10.0755430217 9.7607104284 2.7040681627 
0.7288491540 -10.0744629785 9.7625105004 2.7010080403 
0.7274090964 -10.0798631945 9.7612504500 2.7004680187 
0.7295691828 -10.0771630865 9.7608904356 2.7035281411 
0.7275891036 -10.0800432017 9.7549501980 2.7013680547 
0.7286691468 -10.0748229929 9.7616104644 2.7013680547 
0.7293891756 -10.0771630865 9.7592703708 2.7013680547 
0.7288491540 -10.0778831153 9.7630505220 2.7029881195 
0.7279491180 -10.0750030001 9.7589103564 2.7008280331 
0.7286691468 -10.0735629425 9.7598103924 2.7022680907 
0.7277691108 -10.0759030361 9.7610704428 2.7017280691 
0.7297491900 -10.0773430937 9.7621504860 2.7020880835 
0.7270490820 -10.0759030361 9.7589103564 2.7013680547 
0.7292091684 -10.0755430217 9.7545901836 2.7017280691 
0.7286691468 -10.0760830433 9.7592703708 2.7002880115 
0.7283091324 -10.0759030361 9.7621504860 2.7013680547 
0.7301092044 -10.0825633025 9.7599903996 2.7002880115 
0.7297491900 -10.0748229929 9.7556702268 2.7028081123 
0.7283091324 -10.0744629785 9.7594503780 2.7004680187 
0.7288491540 -10.0764430577 9.7610704428 2.7024480979 
0.7268690748 -10.0757230289 9.7572902916 2.7017280691 
0.7284891396 -10.0753630145 9.7589103564 2.7015480619 
0.7281291252 -10.0732029281 9.7614304572 2.6977679107 
0.7308292332 -10.0766230649 9.7608904356 2.7008280331 
0.7295691828 -10.0771630865 9.7585503420 2.6995679827 
0.7290291612 -10.0791431657 9.7630505220 2.7033481339 
0.7293891756 -10.0759030361 9.7632305292 2.7046081843 
0.7288491540 -10.0748229929 9.7583703348 2.7015480619 
0.7292091684 -10.0753630145 9.7625105004 2.7017280691 
0.7274090964 -10.0760830433 9.7616104644 2.7020880835 
0.7302892116 -10.0760830433 9.7583703348 2.7006480259 
0.7293891756 -10.0742829713 9.7590903636 2.7001080043 
0.7284891396 -10.0762630505 9.7594503780 2.7015480619 
0.7302892116 -10.0762630505 9.7617904716 2.7004680187 
