-1.3615744630 -8.3309132365 10.7826113045 2.1899675987 
-1.3628345134 -8.3343333733 10.7833313333 2.1897875915 
-1.3644545782 -8.3330733229 10.7838713549 2.1872674907 
-1.3624744990 -8.3298331933 10.7808112324 2.1888875555 
-1.3637345494 -8.3330733229 10.7813512541 2.1908676347 
-1.3628345134 -8.3316332653 10.7831513261 2.1901476059 
-1.3640945638 -8.3298331933 10.7831513261 2.1914076563 
-1.3664346574 -8.3336133445 10.7818912757 2.1899675987 
-1.3637345494 -8.3305532221 10.7809912396 2.1879875195 
-1.3633745350 -8.3301932077 10.7804512180 2.1887075483 
-1.3639145566 -8.3296531861 10.7797311892 2.1885275411 
-1.3651746070 -8.3327133085 10.7853114125 2.1881675267 
-1.3649945998 -8.3305532221 10.7811712468 2.1897875915 
-1.3642745710 -8.3309132365 10.7840513621 2.1892475699 
-1.3637345494 -8.3325333013 10.7829713189 2.1894275771 
-1.3639145566 -8.3325333013 10.7820712829 2.1885275411 
-1.3631945278 -8.3318132725 10.7849513981 2.1899675987 
-1.3639145566 -8.3343333733 10.7826113045 2.1885275411 
-1.3667946718 -8.3332533301 10.7818912757 2.1878075123 
-1.3657146286 -8.3310932437 10.7818912757 2.1888875555 
-1.3644545782 -8.3310932437 10.7811712468 2.1896075843 
-1.3637345494 -8.3309132365 10.7851314053 2.1838473539 
-1.3621144846 -8.3346933877 10.7844113765 2.1897875915 
-1.3635545422 -8.3336133445 10.7829713189 2.1892475699 
-1.3669746790 -8.3316332653 10.7831513261 2.1928477139 
-1.3617544702 -8.3292931717 10.7817112685 2.1885275411 
-1.3642745710 -8.3318132725 10.7799111964 2.1881675267 
-1.3698547942 -8.3305532221 10.7822512901 2.1906876275 
-1.3624744990 -8.3298331933 10.7797311892 2.1921276851 
-1.3653546142 -8.3325333013 10.7836913477 2.1905076203 
-1.3666146646 -8.3332533301 10.7827913117 2.1894275771 
-1.3608544342 -8.3294731789 10.7838713549 2.1897875915 
-1.3626545062 -8.3352334093 10.7827913117 2.1888875555 
-1.3630145206 -8.3323532941 10.7822512901 2.1908676347 
-1.3639145566 -8.3336133445 10.7833313333 2.1914076563 
-1.3621144846 -8.3312732509 10.7840513621 2.1919476779 
-1.3626545062 -8.3318132725 10.7817112685 2.1896075843 
-1.3619344774 -8.3283931357 10.7818912757 2.1874474979 
-1.3617544702 -8.3296531861 10.7838713549 2.1896075843 
-1.3639145566 -8.3305532221 10.7822512901 2.1908676347 
-1.3658946358 -8.3305532221 10.7871114845 2.1894275771 
-1.3619344774 -8.3300132005 10.7766710668 2.1843873755 
-1.3633745350 -8.3310932437 10.7818912757 2.1894275771 
-1.3642745710 -8.3314532581 10.7854914197 2.1897875915 
-1.3639145566 -8.3337933517 10.7844113765 2.1888875555 
-1.3626545062 -8.3310932437 10.7833313333 2.1865474619 
-1.3639145566 -8.3404536181 10.7835113405 2.1887075483 
-1.3622944918 -8.3325333013 10.7847713909 2.1903276131 
-1.3612144486 -8.3303732149 10.7851314053 2.1915876635 
-1.3639145566 -8.3318132725 10.7833313333 2.1838473539 
-1.3658946358 -8.3307332293 10.7793711748 2.1879875195 
