1.96567869 -9.04266166 9.03726100 2.49759984
1.96297845 -9.03726100 9.03996181 2.49759984
1.96432857 -9.03726100 9.04131126 2.49895000
1.96567869 -9.03861141 9.03726100 2.49759984
1.96567869 -9.03726100 9.03996181 2.49624967
1.96702861 -9.03726100 9.04131126 2.49895000
1.96432857 -9.03726100 9.03321170 2.49759984
1.96297845 -9.03726100 9.03996181 2.49759984
1.96567869 -9.03861141 9.03996181 2.50030016
1.96567869 -9.03591156 9.03861141 2.49759984
1.96297845 -9.03861141 9.03861141 2.50030016
1.96702861 -9.03861141 9.03996181 2.49895000
1.96702861 -9.03591156 9.03726100 2.49624967
1.96567869 -9.03861141 9.03996181 2.49895000
1.96432857 -9.03726100 9.03861141 2.49759984
1.96027841 -9.03861141 9.03861141 2.49759984
1.96567869 -9.03861141 9.03996181 2.49759984
1.96297845 -9.03861141 9.03861141 2.50165009
1.96297845 -9.03861141 9.03861141 2.49759984
1.96702861 -9.03726100 9.03726100 2.49759984
1.96432857 -9.03861141 9.03861141 2.49354982
1.96432857 -9.03726100 9.03996181 2.49895000
1.96297845 -9.03591156 9.03726100 2.49895000
1.96567869 -9.03996181 9.04266166 2.49895000
1.96702861 -9.03996181 9.03996181 2.50030016
1.96567869 -9.03726100 9.04131126 2.49759984
1.96702861 -9.03591156 9.03726100 2.49895000
1.96432857 -9.03726100 9.04131126 2.49354982
1.96702861 -9.03861141 9.03726100 2.49895000
1.96567869 -9.03861141 9.03996181 2.49895000
1.96432857 -9.03591156 9.03861141 2.49895000
1.96567869 -9.03861141 9.03996181 2.49895000
1.96567869 -9.03726100 9.03591156 2.50030016
1.96567869 -9.03861141 9.03996181 2.49219965
1.96432857 -9.03726100 9.03996181 2.49759984
1.96432857 -9.03591156 9.04131126 2.49895000
1.96432857 -9.03996181 9.03996181 2.49895000
1.96432857 -9.03996181 9.03996181 2.49759984
1.96567869 -9.03591156 9.03996181 2.50030016
1.96567869 -9.03996181 9.03726100 2.50030016
1.96432857 -9.03861141 9.03321170 2.50030016
1.96297845 -9.03996181 9.03861141 2.49895000
1.96567869 -9.03861141 9.03861141 2.49895000
1.96297845 -9.03861141 9.03321170 2.49489974
1.96432857 -9.03861141 9.03456115 2.49759984
1.96432857 -9.03726100 9.04266166 2.49759984
1.96432857 -9.03996181 9.03996181 2.50030016
1.96297845 -9.03861141 9.03861141 2.49624967
1.96297845 -9.04536151 9.03591156 2.49624967
1.96567869 -9.03726100 9.03726100 2.49624967
1.95892829 -9.03996181 9.04131126 2.49354982
1.96432857 -9.03726100 9.03996181 2.49759984
1.96702861 -9.03726100 9.03996181 2.50030016
1.96567869 -9.03591156 9.03861141 2.49759984
1.96432857 -9.03861141 9.04131126 2.49624967
1.96567869 -9.03726100 9.03996181 2.49895000
1.96432857 -9.03861141 9.03861141 2.49759984
1.96567869 -9.03726100 9.03726100 2.49219965
1.96567869 -9.03996181 9.03861141 2.49489974
1.96567869 -9.03726100 9.04131126 2.49759984
1.96702861 -9.03726100 9.03726100 2.49895000
1.96162853 -9.03726100 9.03726100 2.49895000
1.96432857 -9.03726100 9.03456115 2.49895000
1.96432857 -9.03861141 9.03861141 2.50030016
1.96567869 -9.03726100 9.03996181 2.50030016
1.96297845 -9.03591156 9.03996181 2.49895000
1.96297845 -9.03996181 9.04131126 2.49759984
1.96702861 -9.03726100 9.03726100 2.49624967
1.96567869 -9.04131126 9.03996181 2.50030016
1.96432857 -9.03726100 9.03996181 2.49895000
1.96702861 -9.03861141 9.03861141 2.49895000
1.96567869 -9.03996181 9.03726100 2.49084973
1.96297845 -9.03726100 9.03996181 2.49759984
1.96567869 -9.03726100 9.03726100 2.49895000
1.96702861 -9.03996181 9.03996181 2.50030016
1.96297845 -9.03861141 9.03861141 2.49354982
1.96297845 -9.03861141 9.03861141 2.49895000
1.96432857 -9.03726100 9.03861141 2.49895000
1.96567869 -9.03591156 9.03726100 2.49895000
1.96567869 -9.04131126 9.03996181 2.49624967
1.96297845 -9.03861141 9.03456115 2.49895000
1.96567869 -9.03996181 9.03726100 2.49624967
1.96432857 -9.03861141 9.03996181 2.49759984
1.96702861 -9.03591156 9.03861141 2.49759984
1.96432857 -9.03726100 9.03996181 2.49624967
1.96432857 -9.03996181 9.03861141 2.49895000
1.96432857 -9.03726100 9.03726100 2.49624967
1.96297845 -9.03726100 9.03861141 2.49624967
1.96432857 -9.03726100 9.03726100 2.49624967
1.96162853 -9.03591156 9.03861141 2.49624967
1.96027841 -9.03861141 9.03861141 2.50030016
1.96297845 -9.03861141 9.04131126 2.49895000
1.96162853 -9.03861141 9.03861141 2.49624967
1.95892829 -9.03726100 9.03726100 2.49895000
1.96567869 -9.03861141 9.03861141 2.49895000
1.96432857 -9.03861141 9.03861141 2.49624967
1.96567869 -9.03591156 9.03591156 2.49759984
1.96432857 -9.03861141 9.03726100 2.49895000
1.96432857 -9.03861141 9.04131126 2.49489974
1.96567869 -9.03726100 9.03861141 2.49759984
1.96432857 -9.03726100 9.03861141 2.49895000
1.96432857 -9.03996181 9.03861141 2.50165009
1.96432857 -9.03861141 9.03996181 2.49759984
1.96162853 -9.03996181 9.03726100 2.49354982
1.96567869 -9.03726100 9.03861141 2.49759984
1.96027841 -9.03861141 9.03861141 2.49624967
1.96567869 -9.04131126 9.03996181 2.49759984
1.96567869 -9.03726100 9.03726100 2.49624967
1.96567869 -9.03726100 9.03996181 2.49489974
1.96432857 -9.03726100 9.03861141 2.49759984
1.96027841 -9.03591156 9.03996181 2.49354982
1.96567869 -9.03996181 9.03861141 2.49759984
1.96567869 -9.03861141 9.03726100 2.49759984
1.96972885 -9.03861141 9.03996181 2.49624967
1.96702861 -9.03726100 9.03726100 2.49759984
1.96837882 -9.03996181 9.03996181 2.49489974
1.96567869 -9.03726100 9.03726100 2.49759984
1.96567869 -9.03996181 9.03996181 2.49759984
1.96297845 -9.04266166 9.03591156 2.49759984
1.96432857 -9.03591156 9.03996181 2.49624967
1.96432857 -9.04401206 9.03861141 2.49624967
1.96297845 -9.03996181 9.03861141 2.49759984
1.96567869 -9.03861141 9.03996181 2.49759984
1.96432857 -9.03726100 9.03996181 2.49759984
1.95892829 -9.03726100 9.03996181 2.49624967
1.96027841 -9.03861141 9.03996181 2.48949956
1.96432857 -9.03726100 9.03996181 2.49624967
1.96567869 -9.03726100 9.03996181 2.49354982
1.96432857 -9.03861141 9.03996181 2.49624967
1.96567869 -9.03591156 9.03996181 2.50030016
1.96432857 -9.03861141 9.03726100 2.49895000
1.96432857 -9.03861141 9.03861141 2.49489974
1.96432857 -9.03726100 9.03861141 2.50030016
1.96432857 -9.03861141 9.03996181 2.49895000
1.96297845 -9.03861141 9.03591156 2.49489974
1.96432857 -9.03861141 9.03861141 2.49759984
1.96432857 -9.03726100 9.03861141 2.49489974
1.96567869 -9.03591156 9.03726100 2.49624967
1.96432857 -9.03861141 9.03861141 2.49624967
1.96432857 -9.03996181 9.03726100 2.49489974
1.96567869 -9.04401206 9.03861141 2.49759984
1.96567869 -9.03726100 9.03726100 2.49354982
1.96432857 -9.03996181 9.03591156 2.49759984
1.96432857 -9.04131126 9.03726100 2.49084973
1.96567869 -9.03996181 9.03996181 2.49759984
1.96432857 -9.03726100 9.03861141 2.49895000
1.96297845 -9.03726100 9.03861141 2.49624967
1.95892829 -9.03996181 9.03321170 2.49895000
1.96432857 -9.03726100 9.03996181 2.49489974
1.96432857 -9.03996181 9.03996181 2.49624967
1.96432857 -9.03996181 9.03861141 2.49759984
1.95757818 -9.03861141 9.03726100 2.49624967
1.96567869 -9.03726100 9.03726100 2.49489974
1.96432857 -9.03861141 9.03726100 2.49759984
1.96297845 -9.03591156 9.03726100 2.49759984
1.96432857 -9.03726100 9.03186130 2.49624967
1.96162853 -9.03726100 9.03861141 2.49895000
1.96567869 -9.03861141 9.03591156 2.49624967
1.96432857 -9.03861141 9.03861141 2.49759984
1.96297845 -9.03996181 9.04131126 2.49759984
1.96567869 -9.03726100 9.03726100 2.49489974
1.96432857 -9.03996181 9.03996181 2.49759984
1.96567869 -9.03861141 9.03726100 2.49354982
1.96297845 -9.03996181 9.03861141 2.49624967
1.96567869 -9.03726100 9.03996181 2.49759984
1.96567869 -9.03861141 9.03726100 2.49759984
1.96567869 -9.03861141 9.03726100 2.49759984
1.96567869 -9.04266166 9.03591156 2.49895000
1.96432857 -9.03726100 9.03996181 2.49759984
1.96567869 -9.03726100 9.04131126 2.49624967
1.96567869 -9.03861141 9.03591156 2.49489974
1.95892829 -9.03861141 9.03051090 2.49759984
1.96567869 -9.03861141 9.03861141 2.49624967
1.96162853 -9.03726100 9.03861141 2.49624967
1.96297845 -9.03726100 9.03861141 2.49489974
1.96432857 -9.03996181 9.03861141 2.49624967
1.96432857 -9.03726100 9.03996181 2.49219965
1.96162853 -9.03726100 9.03861141 2.49084973
1.96432857 -9.03861141 9.03861141 2.49354982
1.96432857 -9.03726100 9.03861141 2.49624967
1.96567869 -9.03861141 9.03996181 2.49489974
