1 1.8605544222 -9.1422056882 8.9078363135 2.3793351734 
2 -1.3615744630 -8.3309132365 10.7826113045 2.1899675987 
3 1.0001200048 -9.5400216009 9.5160806432 2.5165006600 
4 -1.0746429857 -9.0120604824 10.6843273731 2.3964358574 
5 0.7290291612 -10.0764430577 9.7616104644 2.6999279971 
6 -1.3673346934 -9.5285011400 10.9528981159 2.5804032161 
7 1.0618624745 -10.7781111244 9.6892475699 2.9128765151 
8 -2.2977919117 -9.9054362174 11.5211808472 2.7312492500 
1 1.8643345734 -9.1398655946 8.9083763351 2.3820352814 
2 -1.3628345134 -8.3343333733 10.7833313333 2.1897875915 
3 1.0003000120 -9.5382215289 9.5146405856 2.5202808112 
4 -1.0721228849 -9.0129605184 10.6812672507 2.3960758430 
5 0.7290291612 -10.0777031081 9.7616104644 2.6997479899 
6 -1.3666146646 -9.5265210608 10.9539781591 2.5775231009 
7 1.0625825033 -10.7764910596 9.6923076923 2.9128765151 
8 -2.2950918037 -9.9029161166 11.5206408256 2.7298091924 
1 1.8670346814 -9.1447257890 8.9083763351 2.3858154326 
2 -1.3644545782 -8.3330733229 10.7838713549 2.1872674907 
3 1.0017400696 -9.5385815433 9.5150006000 2.5179407176 
4 -1.0793231729 -9.0118804752 10.6841473659 2.3955358214 
5 0.7290291612 -10.0726629065 9.7596303852 2.7011880475 
6 -1.3669746790 -9.5313812553 10.9548781951 2.5805832233 
7 1.0609624385 -10.7777511100 9.6932077283 2.9112564503 
8 -2.2936517461 -9.9032761310 11.5226209048 2.7274690988 
1 1.8652346094 -9.1407656306 8.9087363495 2.3771750870 
2 -1.3624744990 -8.3298331933 10.7808112324 2.1888875555 
3 0.9979599184 -9.5371414857 9.5153606144 2.5181207248 
4 -1.0726629065 -9.0145805832 10.6832473299 2.3971558862 
5 0.7277691108 -10.0748229929 9.7576503060 2.6965078603 
6 -1.3684147366 -9.5276011040 10.9516380655 2.5787831513 
7 1.0625825033 -10.7790111604 9.6870874835 2.9110764431 
8 -2.2943717749 -9.9045361814 11.5150606024 2.7301692068 
1 1.8641545662 -9.1423856954 8.9099963999 2.3811352454 
2 -1.3637345494 -8.3330733229 10.7813512541 2.1908676347 
3 0.9997599904 -9.5375015001 9.5135605424 2.5202808112 
4 -1.0744629785 -9.0102604104 10.6864874595 2.3978759150 
5 0.7297491900 -10.0753630145 9.7616104644 2.7051482059 
6 -1.3669746790 -9.5270610824 10.9530781231 2.5744629785 
7 1.0622224889 -10.7777511100 9.6926677067 2.9101764071 
8 -2.2914916597 -9.9061562462 11.5199207968 2.7290891636 
1 1.8652346094 -9.1431057242 8.9087363495 2.3813152526 
2 -1.3628345134 -8.3316332653 10.7831513261 2.1901476059 
3 0.9999399976 -9.5376815073 9.5144605784 2.5157806312 
4 -1.0746429857 -9.0127805112 10.6863074523 2.3964358574 
5 0.7275891036 -10.0775231009 9.7594503780 2.6988479539 
6 -1.3730949238 -9.5290411616 10.9530781231 2.5804032161 
7 1.0624024961 -10.7784711388 9.6885275411 2.9116164647 
8 -2.2907716309 -9.9025561022 11.5197407896 2.7287291492 
1 1.8657746310 -9.1440057602 8.9096363855 2.3834753390 
2 -1.3640945638 -8.3298331933 10.7831513261 2.1914076563 
3 1.0013800552 -9.5394815793 9.5157206288 2.5143405736 
4 -1.0724828993 -9.0120604824 10.6773070923 2.3957158286 
5 0.7290291612 -10.0780631225 9.7572902916 2.7011880475 
6 -1.3622944918 -9.5304812192 10.9570382815 2.5778831153 
7 1.0604224169 -10.7777511100 9.6917676707 2.9128765151 
8 -2.2965318613 -9.9025561022 11.5229809192 2.7285491420 
1 1.8664946598 -9.1409456378 8.9081963279 2.3841953678 
2 -1.3664346574 -8.3336133445 10.7818912757 2.1899675987 
3 1.0031801272 -9.5376815073 9.5195007800 2.5210008400 
4 -1.0744629785 -9.0118804752 10.6845073803 2.3966158646 
5 0.7277691108 -10.0748229929 9.7610704428 2.7017280691 
6 -1.3637345494 -9.5303012120 10.9516380655 2.5789631585 
7 1.0613224529 -10.7791911676 9.6914076563 2.9164766591 
8 -2.2958118325 -9.9041761670 11.5204608184 2.7220688828 
1 1.8630745230 -9.1413056522 8.9081963279 2.3787951518 
2 -1.3637345494 -8.3305532221 10.7809912396 2.1879875195 
3 1.0012000480 -9.5375015001 9.5157206288 2.5181207248 
4 -1.0726629065 -9.0210608424 10.6823472939 2.3964358574 
5 0.7284891396 -10.0757230289 9.7580103204 2.6948877955 
6 -1.3676947078 -9.5283211328 10.9496579863 2.5771630865 
7 1.0627625105 -10.7844113765 9.6910476419 2.9105364215 
8 -2.2936517461 -9.9068762751 11.5217208688 2.7290891636 
1 1.8634345374 -9.1387855514 8.9105364215 2.3847353894 
2 -1.3633745350 -8.3301932077 10.7804512180 2.1887075483 
3 0.9974198968 -9.5393015721 9.5159006360 2.5190207608 
4 -1.0724828993 -9.0131405256 10.6825273011 2.3939157566 
5 0.7281291252 -10.0766230649 9.7614304572 2.7001080043 
6 -1.3700348014 -9.5297611904 10.9505580223 2.5796831873 
7 1.0618624745 -10.7768510740 9.6919476779 2.9099963999 
8 -2.2914916597 -9.9047161886 11.5226209048 2.7292691708 
1 1.8655946238 -9.1427457098 8.9098163927 2.3807752310 
2 -1.3639145566 -8.3296531861 10.7797311892 2.1885275411 
3 0.9997599904 -9.5384015361 9.5160806432 2.5163206528 
4 -1.0753630145 -9.0099003960 10.6854074163 2.3969758790 
5 0.7284891396 -10.0757230289 9.7617904716 2.7008280331 
6 -1.3680547222 -9.5294011760 10.9500180007 2.5771630865 
7 1.0634825393 -10.7781111244 9.6908676347 2.9132365295 
8 -2.2913116525 -9.9005760230 11.5201008040 2.7278291132 
1 1.8623544942 -9.1422056882 8.9105364215 2.3845553822 
2 -1.3651746070 -8.3327133085 10.7853114125 2.1881675267 
3 1.0017400696 -9.5427217089 9.5142805712 2.5183007320 
4 -1.0744629785 -9.0192607704 10.6848673947 2.3957158286 
5 0.7275891036 -10.0762630505 9.7621504860 2.6992079683 
6 -1.3628345134 -9.5256210248 10.9507380295 2.5735629425 
7 1.0633025321 -10.7784711388 9.6923076923 2.9092763711 
8 2.7296291852 -2.2941917677 -18.7499099964 11.5175807032 
1 1.8627145086 -9.1432857314 8.9108964359 2.3827553102 
2 -1.3649945998 -8.3305532221 10.7811712468 2.1897875915 
3 0.9995799832 -9.5396615865 9.5177007080 2.5202808112 
4 -1.0739229569 -9.0104404176 10.6857674307 2.3958958358 
5 0.7283091324 -10.0741029641 9.7596303852 2.6941677667 
6 -1.3660746430 -9.5283211328 10.9543381735 2.5773430937 
7 1.0629425177 -10.7784711388 9.6912276491 2.9114364575 
8 -2.2934717389 -9.9027361094 11.5183007320 2.7299891996 
1 1.8655946238 -9.1420256810 8.9081963279 2.3811352454 
2 -1.3642745710 -8.3309132365 10.7840513621 2.1892475699 
3 1.0010200408 -9.5382215289 9.5128405136 2.5170406816 
4 -1.0787831513 -9.0147605904 10.6845073803 2.3971558862 
5 0.7306492260 -10.0741029641 9.7558502340 2.7008280331 
6 -1.3660746430 -9.5292211688 10.9503780151 2.5777031081 
7 1.0602424097 -10.7763110524 9.6905076203 2.9067562703 
8 -2.2927517101 -9.9032761310 11.5213608544 2.7294491780 
1 1.8650546022 -9.1431057242 8.9087363495 2.3834753390 
2 -1.3637345494 -8.3325333013 10.7829713189 2.1894275771 
3 1.0003000120 -9.5402016081 9.5175207008 2.5168606744 
4 -1.0737429497 -9.0127805112 10.6828873155 2.3964358574 
5 0.7297491900 -10.0782431297 9.7616104644 2.7001080043 
6 -1.3693147726 -9.5281411256 10.9516380655 2.5798631945 
7 1.0633025321 -10.7761310452 9.6897875915 2.9033361334 
8 -2.2920316813 -9.9034561382 11.5192007680 2.7305292212 
1 1.8652346094 -9.1420256810 8.9103564143 2.3834753390 
2 -1.3639145566 -8.3325333013 10.7820712829 2.1885275411 
3 0.9995799832 -9.5411016441 9.5177007080 2.5193807752 
4 -1.0726629065 -9.0099003960 10.6825273011 2.3951758070 
5 0.7277691108 -10.0741029641 9.7605304212 2.7022680907 
6 -1.3669746790 -9.5276011040 10.9528981159 2.5802232089 
7 1.0643825753 -10.7802712108 9.6892475699 2.9107164287 
8 -2.2922116885 -9.9012960518 11.5208208328 2.7305292212 
1 1.8643345734 -9.1411256450 8.9072962919 2.3840153606 
2 -1.3631945278 -8.3318132725 10.7849513981 2.1899675987 
3 1.0008400336 -9.5400216009 9.5160806432 2.5163206528 
4 -1.0741029641 -9.0124204968 10.6850474019 2.3894155766 
5 0.7279491180 -10.0753630145 9.7587303492 2.6966878675 
6 -1.3644545782 -9.5315612625 10.9525381015 2.5786031441 
7 1.0633025321 -10.7777511100 9.6908676347 2.9144965799 
8 -2.2943717749 -9.9072362895 11.5201008040 2.7289091564 
1 1.8654146166 -9.1423856954 8.9074762991 2.3865354614 
2 -1.3639145566 -8.3343333733 10.7826113045 2.1885275411 
3 1.0024600984 -9.5400216009 9.5162606504 2.5202808112 
4 -1.0735629425 -9.0145805832 10.6850474019 2.3971558862 
5 0.7279491180 -10.0755430217 9.7607104284 2.7040681627 
6 -1.3642745710 -9.5276011040 10.9550582023 2.5782431297 
7 1.0622224889 -10.7772110884 9.6899675987 2.9121564863 
8 -2.2929317173 -9.9039961598 11.5186607464 2.7305292212 
1 1.8654146166 -9.1438257530 8.9071162847 2.3834753390 
2 -1.3667946718 -8.3332533301 10.7818912757 2.1878075123 
3 1.0013800552 -9.5378615145 9.5187807512 2.5188407536 
4 -1.0733829353 -9.0131405256 10.6848673947 2.3966158646 
5 0.7288491540 -10.0744629785 9.7625105004 2.7010080403 
6 -1.3657146286 -9.5294011760 10.9449777991 2.5804032161 
7 1.0624024961 -10.7795511820 9.6896075843 2.9112564503 
8 -2.2977919117 -9.9038161526 11.5271210848 2.7301692068 
1 1.8636145446 -9.1420256810 8.9080163207 2.3865354614 
2 -1.3657146286 -8.3310932437 10.7818912757 2.1888875555 
3 0.9999399976 -9.5393015721 9.5160806432 2.5192007680 
4 -1.0764430577 -9.0158406336 10.6828873155 2.3951758070 
5 0.7274090964 -10.0798631945 9.7612504500 2.7004680187 
6 -1.3648145926 -9.5290411616 10.9521780871 2.5786031441 
7 1.0643825753 -10.7768510740 9.6905076203 2.9125165007 
8 -2.2900516021 -9.9029161166 11.5177607104 2.7292691708 
1 1.8643345734 -9.1400456018 8.9085563423 2.3832953318 
2 -1.3644545782 -8.3310932437 10.7811712468 2.1896075843 
3 0.9979599184 -9.5389415577 9.5182407296 2.5183007320 
4 -1.0730229209 -9.0115204608 10.6818072723 2.3957158286 
5 0.7295691828 -10.0771630865 9.7608904356 2.7035281411 
6 -1.3669746790 -9.5295811832 10.9532581303 2.5759030361 
7 1.0607824313 -10.7799111964 9.6912276491 2.9116164647 
8 -2.2922116885 -9.9063362535 11.5220808832 2.7290891636 
1 1.8591143646 -9.1422056882 8.9081963279 2.3827553102 
2 -1.3637345494 -8.3309132365 10.7851314053 2.1838473539 
3 0.9986799472 -9.5382215289 9.5121204848 2.5179407176 
4 -1.0737429497 -9.0131405256 10.6834273371 2.3953558142 
5 0.7275891036 -10.0800432017 9.7549501980 2.7013680547 
6 -1.3644545782 -9.5306612264 10.9521780871 2.5780631225 
7 1.0642025681 -10.7757710308 9.6905076203 2.9117964719 
8 -2.2929317173 -9.9025561022 11.5202808112 2.7233289332 
1 1.8639745590 -9.1409456378 8.9085563423 2.3832953318 
2 -1.3621144846 -8.3346933877 10.7844113765 2.1897875915 
3 1.0004800192 -9.5405616225 9.5146405856 2.5179407176 
4 -1.0778831153 -9.0135005400 10.6884675387 2.3982359294 
5 0.7286691468 -10.0748229929 9.7616104644 2.7013680547 
6 -1.3626545062 -9.5285011400 10.9555982239 2.5800432017 
7 1.0631225249 -10.7763110524 9.6905076203 2.9134165367 
8 -2.2988719549 -9.9030961238 11.5195607824 2.7285491420 
1 -9.1443657746 8.9087363495 2.3876155046 -6.9045361814 
2 -1.3635545422 -8.3336133445 10.7829713189 2.1892475699 
3 0.9995799832 -9.5376815073 9.5150006000 2.5172206888 
4 -1.0726629065 -9.0131405256 10.6866674667 2.3993159726 
5 0.7293891756 -10.0771630865 9.7592703708 2.7013680547 
6 -1.3667946718 -9.5288611544 10.9478579143 2.5811232449 
7 1.0618624745 -10.7772110884 9.6894275771 2.9143165727 
8 -2.2938317533 -9.9021960878 11.5210008400 2.7312492500 
1 1.8636145446 -9.1443657746 8.9107164287 2.3856354254 
2 -1.3669746790 -8.3316332653 10.7831513261 2.1928477139 
3 0.9999399976 -9.5421816873 9.5162606504 2.5121804872 
4 -1.0809432377 -9.0133205328 10.6854074163 2.3966158646 
5 0.7288491540 -10.0778831153 9.7630505220 2.7029881195 
6 -1.3655346214 -9.5294011760 10.9561382455 2.5793231729 
7 1.0631225249 -10.7775711028 9.6869074763 2.9146765871 
8 -2.2943717749 -9.9012960518 11.5188407536 2.7296291852 
1 1.8664946598 -9.1416656666 8.9074762991 2.3841953678 
2 -1.3617544702 -8.3292931717 10.7817112685 2.1885275411 
3 0.9997599904 -9.5423616945 9.5151806072 2.5192007680 
4 -1.0742829713 -9.0138605544 10.6832473299 2.3966158646 
5 0.7279491180 -10.0750030001 9.7589103564 2.7008280331 
6 -1.3651746070 -9.5288611544 10.9519980799 2.5780631225 
7 1.0622224889 -10.7759510380 9.6879875195 2.9123364935 
8 -2.2968918757 -9.9027361094 11.5237009480 2.7276491060 
1 1.8605544222 -9.1411256450 8.9085563423 2.3852754110 
2 -1.3642745710 -8.3318132725 10.7799111964 2.1881675267 
3 1.0017400696 -9.5418216729 9.5169806792 2.5127205088 
4 -1.0748229929 -9.0144005760 10.6863074523 2.3976959078 
5 0.7286691468 -10.0735629425 9.7598103924 2.7022680907 
6 -1.3666146646 -9.5283211328 10.9519980799 2.5769830793 
7 1.0647425897 -10.7745109804 9.6923076923 2.9139565583 
8 -2.2923916957 -9.9021960878 11.5224408976 2.7303492140 
1 1.8655946238 -9.1429257170 8.9103564143 2.3849153966 
2 -1.3698547942 -8.3305532221 10.7822512901 2.1906876275 
3 0.9990399616 -9.5420016801 9.5169806792 2.5190207608 
4 -1.0755430217 -9.0131405256 10.6888275531 2.3969758790 
5 0.7277691108 -10.0759030361 9.7610704428 2.7017280691 
6 -1.3658946358 -9.5279611184 10.9563182527 2.5748229929 
7 1.0643825753 -10.7835113405 9.6899675987 2.9096363855 
8 -2.2938317533 -9.9095763831 11.5166806672 2.7274690988 
1 1.8657746310 -9.1423856954 8.9110764431 2.3854554182 
2 -1.3624744990 -8.3298331933 10.7797311892 2.1921276851 
3 1.0031801272 -9.5409216369 9.5153606144 2.5224408976 
4 -1.0717628705 -9.0167406696 10.6846873875 2.3917556702 
5 0.7297491900 -10.0773430937 9.7621504860 2.7020880835 
6 -1.3666146646 -9.5326413057 10.9503780151 2.5811232449 
7 1.0611424457 -10.7788311532 9.6903276131 2.9105364215 
8 -2.2945517821 -9.9014760590 11.5206408256 2.7285491420 
1 1.8673946958 -9.1404056162 8.9087363495 2.3814952598 
2 -1.3653546142 -8.3325333013 10.7836913477 2.1905076203 
3 1.0006600264 -9.5391215649 9.5153606144 2.5145205808 
4 -1.0744629785 -9.0118804752 10.6848673947 2.3958958358 
5 0.7270490820 -10.0759030361 9.7589103564 2.7013680547 
6 -1.3642745710 -9.5333613345 10.9525381015 2.5787831513 
7 1.0620424817 -10.7777511100 9.6888875555 2.9087363495 
8 -2.2938317533 -9.9032761310 11.5201008040 2.7317892716 
1 1.8637945518 -9.1422056882 8.9083763351 2.3838353534 
2 -1.3666146646 -8.3332533301 10.7827913117 2.1894275771 
3 1.0019200768 -9.5398415937 9.5094203768 2.5184807392 
4 -1.0753630145 -9.0090003600 10.6825273011 2.3969758790 
5 0.7292091684 -10.0755430217 9.7545901836 2.7017280691 
6 -1.3631945278 -9.5303012120 10.9532581303 2.5800432017 
7 1.0618624745 -10.7777511100 9.6930277211 2.9132365295 
8 -2.2950918037 -9.9029161166 11.5204608184 2.7325093004 
1 1.8654146166 -9.1431057242 8.9105364215 2.3843753750 
2 -1.3608544342 -8.3294731789 10.7838713549 2.1897875915 
3 0.9999399976 -9.5412816513 9.5168006720 2.5190207608 
4 -1.0753630145 -9.0118804752 10.6872074883 2.3973358934 
5 0.7286691468 -10.0760830433 9.7592703708 2.7002880115 
6 -1.3660746430 -9.5286811472 10.9514580583 2.5816632665 
7 1.0633025321 -10.7782911316 9.6910476419 2.9096363855 
8 -2.2909516381 -9.9032761310 11.5217208688 2.7283691348 
1 1.8639745590 -9.1454458178 8.9105364215 2.3849153966 
2 -1.3626545062 -8.3352334093 10.7827913117 2.1888875555 
3 0.9975999040 -9.5398415937 9.5177007080 2.5107404296 
4 -1.0728429137 -9.0120604824 10.6836073443 2.3928357134 
5 0.7283091324 -10.0759030361 9.7621504860 2.7013680547 
6 -1.3655346214 -9.5292211688 10.9532581303 2.5771630865 
7 1.0625825033 -10.7766710668 9.6915876635 2.9116164647 
8 -2.2947317893 -9.9020160806 11.5202808112 2.7287291492 
1 1.8668546742 -9.1420256810 8.9071162847 2.3829353174 
2 -1.3630145206 -8.3323532941 10.7822512901 2.1908676347 
3 1.0008400336 -9.5394815793 9.5175207008 2.5125405016 
4 -1.0757230289 -9.0142205688 10.6852274091 2.3976959078 
5 0.7301092044 -10.0825633025 9.7599903996 2.7002880115 
6 -1.3653546142 -9.5288611544 10.9532581303 2.5805832233 
7 1.0647425897 -10.7786511460 9.6874474979 2.9112564503 
8 -2.2934717389 -9.9032761310 11.5208208328 2.7294491780 
1 1.8585743430 -9.1407656306 8.9101764071 2.3814952598 
2 -1.3639145566 -8.3336133445 10.7833313333 2.1914076563 
3 1.0021000840 -9.5396615865 9.5169806792 2.5120004800 
4 -1.0699627985 -9.0109804392 10.6852274091 2.3957158286 
5 0.7297491900 -10.0748229929 9.7556702268 2.7028081123 
6 -1.3646345854 -9.5263410536 10.9519980799 2.5791431657 
7 1.0625825033 -10.7772110884 9.6899675987 2.9107164287 
8 -2.2934717389 -9.9029161166 11.5217208688 2.7289091564 
1 1.8673946958 -9.1420256810 8.9087363495 2.3861754470 
2 -1.3621144846 -8.3312732509 10.7840513621 2.1919476779 
3 0.9999399976 -9.5394815793 9.5142805712 2.5184807392 
4 -1.0726629065 -9.0122404896 10.6821672867 2.3978759150 
5 0.7283091324 -10.0744629785 9.7594503780 2.7004680187 
6 -1.3655346214 -9.5294011760 10.9521780871 2.5802232089 
7 1.0604224169 -10.7766710668 9.6892475699 2.9126965079 
8 -2.2940117605 -9.9075963039 11.5224408976 2.7305292212 
1 1.8639745590 -9.1486859474 8.9074762991 2.3849153966 
2 -1.3626545062 -8.3318132725 10.7817112685 2.1896075843 
3 1.0008400336 -9.5378615145 9.5166206648 2.5161406456 
4 -1.0760830433 -9.0135005400 10.6848673947 2.3978759150 
5 0.7288491540 -10.0764430577 9.7610704428 2.7024480979 
6 -1.3649945998 -9.5317412697 10.9534381375 2.5791431657 
7 1.0636625465 -10.7781111244 9.6901476059 2.9130565223 
8 -2.2918516741 -9.9038161526 11.5208208328 2.7305292212 
1 1.8650546022 -9.1405856234 8.9081963279 2.3845553822 
2 -1.3619344774 -8.3283931357 10.7818912757 2.1874474979 
3 0.9988599544 -9.5371414857 9.5155406216 2.5125405016 
4 -1.0753630145 -9.0120604824 10.6863074523 2.3949957998 
5 0.7268690748 -10.0757230289 9.7572902916 2.7017280691 
6 -1.3664346574 -9.5321012841 10.9536181447 2.5813032521 
7 1.0667226689 -10.7773910956 9.6876275051 2.9114364575 
8 -2.2934717389 -9.9038161526 11.5222608904 2.7296291852 
1 1.8654146166 -9.1400456018 8.9103564143 2.3840153606 
2 -1.3617544702 -8.3296531861 10.7838713549 2.1896075843 
3 1.0003000120 -9.5396615865 9.5173406936 2.5208208328 
4 -1.0724828993 -9.0142205688 10.6864874595 2.3973358934 
5 0.7284891396 -10.0753630145 9.7589103564 2.7015480619 
6 -1.3624744990 -9.5292211688 10.9541581663 2.5800432017 
7 1.0629425177 -10.7764910596 9.6906876275 2.9121564863 
8 -2.2931117245 -9.9032761310 11.5211808472 2.7298091924 
1 1.8636145446 -9.1422056882 8.9116164647 2.3870754830 
2 -1.3639145566 -8.3305532221 10.7822512901 2.1908676347 
3 1.0013800552 -9.5396615865 9.5162606504 2.5172206888 
4 -1.0726629065 -9.0145805832 10.6843273731 2.3985959438 
5 0.7281291252 -10.0732029281 9.7614304572 2.6977679107 
6 -1.3657146286 -9.5299411976 10.9527181087 2.5786031441 
7 1.0595223809 -10.7772110884 9.6906876275 2.9137765511 
8 -2.2954518181 -9.9036361454 11.5181207248 2.7328693148 
1 1.8637945518 -9.1432857314 8.9094563783 2.3816752670 
2 -1.3658946358 -8.3305532221 10.7871114845 2.1894275771 
3 0.9990399616 -9.5384015361 9.5135605424 2.5195607824 
4 -1.0741029641 -9.0108004320 10.6846873875 2.3989559582 
5 0.7308292332 -10.0766230649 9.7608904356 2.7008280331 
6 -1.3651746070 -9.5297611904 10.9510980439 2.5780631225 
7 1.0613224529 -10.7772110884 9.6861874475 2.9137765511 
8 -2.2904116165 -9.9036361454 11.5213608544 2.7292691708 
1 1.8618144726 -9.1431057242 8.9103564143 2.3816752670 
2 -1.3619344774 -8.3300132005 10.7766710668 2.1843873755 
3 1.0004800192 -9.5400216009 9.5144605784 2.5219008760 
4 -1.0732029281 -9.0104404176 10.6854074163 2.3946357854 
5 0.7295691828 -10.0771630865 9.7585503420 2.6995679827 
6 -1.3673346934 -9.5306612264 10.9527181087 2.5805832233 
7 1.0640225609 -10.7759510380 9.6883475339 2.9114364575 
8 -2.2925717029 -9.9032761310 11.5228009120 2.7316092644 
1 1.8632545302 -9.1396855874 8.9114364575 2.3832953318 
2 -1.3633745350 -8.3310932437 10.7818912757 2.1894275771 
3 0.9981399256 -9.5402016081 9.5119404776 2.5168606744 
4 -1.0755430217 -9.0131405256 10.6868474739 2.3982359294 
5 0.7290291612 -10.0791431657 9.7630505220 2.7033481339 
6 -1.3635545422 -9.5285011400 10.9460578423 2.5809432377 
7 1.0622224889 -10.7781111244 9.6883475339 2.9121564863 
8 -2.2952718109 -9.9032761310 11.5246009840 2.7289091564 
1 1.8655946238 -9.1398655946 8.9094563783 2.3823952958 
2 -1.3642745710 -8.3314532581 10.7854914197 2.1897875915 
3 0.9986799472 -9.5393015721 9.5171606864 2.5210008400 
4 -1.0791431657 -9.0111604464 10.6841473659 2.3935557422 
5 0.7293891756 -10.0759030361 9.7632305292 2.7046081843 
6 -1.3640945638 -9.5304812192 10.9516380655 2.5791431657 
7 1.0615024601 -10.7779311172 9.6854674187 2.9085563423 
8 -2.2949117965 -9.9075963039 11.5215408616 2.7287291492 
1 1.8637945518 -9.1396855874 8.9098163927 2.3834753390 
2 -1.3639145566 -8.3337933517 10.7844113765 2.1888875555 
3 1.0030001200 -9.5403816153 9.5150006000 2.5161406456 
4 -1.0726629065 -9.0133205328 10.6841473659 2.3955358214 
5 0.7288491540 -10.0748229929 9.7583703348 2.7015480619 
6 -1.3646345854 -9.5281411256 10.9498379935 2.5757230289 
7 1.0616824673 -10.7773910956 9.6914076563 2.9125165007 
8 -2.2943717749 -9.9018360734 11.5226209048 2.7281891276 
1 1.8646945878 -9.1402256090 8.9099963999 2.3840153606 
2 -1.3626545062 -8.3310932437 10.7833313333 2.1865474619 
3 1.0033601344 -9.5378615145 9.5168006720 2.5184807392 
4 -1.0764430577 -9.0136805472 10.6850474019 2.3962558502 
5 0.7292091684 -10.0753630145 9.7625105004 2.7017280691 
6 -1.3693147726 -9.5283211328 10.9537981519 2.5780631225 
7 1.0622224889 -10.7768510740 9.6901476059 2.9110764431 
8 -2.2925717029 -9.9005760230 11.5217208688 2.7299891996 
1 1.8655946238 -9.1422056882 8.9103564143 2.3834753390 
2 -1.3639145566 -8.3404536181 10.7835113405 2.1887075483 
3 0.9990399616 -9.5400216009 9.5162606504 2.5175807032 
4 -1.0719428777 -9.0122404896 10.6848673947 2.3982359294 
5 0.7274090964 -10.0760830433 9.7616104644 2.7020880835 
6 -1.3631945278 -9.5268810752 10.9537981519 2.5804032161 
7 1.0624024961 -10.7795511820 9.6917676707 2.9112564503 
8 -2.2927517101 -9.9050762030 11.5199207968 2.7285491420 
1 1.8646945878 -9.1447257890 8.9054962198 2.3820352814 
2 -1.3622944918 -8.3325333013 10.7847713909 2.1903276131 
3 0.9986799472 -9.5387615505 9.5135605424 2.5157806312 
4 -1.0746429857 -9.0091803672 10.6857674307 2.3969758790 
5 0.7302892116 -10.0760830433 9.7583703348 2.7006480259 
6 -1.3693147726 -9.5274210968 10.9501980079 2.5816632665 
7 1.0633025321 -10.7786511460 9.6923076923 2.9101764071 
8 -2.2913116525 -9.9061562462 11.5240609624 2.7218888756 
1 1.8637945518 -9.1398655946 8.9076563063 2.3827553102 
2 -1.3612144486 -8.3303732149 10.7851314053 2.1915876635 
3 0.9993999760 -9.5402016081 9.5153606144 2.5163206528 
4 -1.0748229929 -9.0090003600 10.6845073803 2.3940957638 
5 0.7293891756 -10.0742829713 9.7590903636 2.7001080043 
6 -1.3660746430 -9.5301212048 10.9519980799 2.5793231729 
7 1.0629425177 -10.7797311892 9.6896075843 2.9125165007 
8 -2.2936517461 -9.9065162607 11.5204608184 2.7316092644 
1 1.8664946598 -9.1405856234 8.9089163567 2.3847353894 
2 -1.3639145566 -8.3318132725 10.7833313333 2.1838473539 
3 1.0019200768 -9.5411016441 9.5135605424 2.5150606024 
4 -1.0724828993 -9.0174606984 10.6863074523 2.3964358574 
5 0.7284891396 -10.0762630505 9.7594503780 2.7015480619 
6 -1.3637345494 -9.5281411256 10.9519980799 2.5782431297 
7 1.0616824673 -10.7797311892 9.6870874835 2.9099963999 
8 -2.2943717749 -9.9041761670 11.5204608184 2.7263890556 
1 1.8666746670 -9.1481459258 8.9081963279 2.3771750870 
2 -1.3658946358 -8.3307332293 10.7793711748 2.1879875195 
3 0.9995799832 -9.5402016081 9.5169806792 2.5174006960 
4 -1.0753630145 -9.0102604104 10.6852274091 2.3969758790 
5 0.7302892116 -10.0762630505 9.7617904716 2.7004680187 
6 -1.3639145566 -9.5279611184 10.9519980799 2.5780631225 
7 1.0638425537 -10.7786511460 9.6892475699 2.9042361694 
8 -2.2925717029 -9.9021960878 11.5202808112 2.7285491420 
