1.8605544222 -9.1422056882 8.9078363135 2.3793351734 
1.8643345734 -9.1398655946 8.9083763351 2.3820352814 
1.8670346814 -9.1447257890 8.9083763351 2.3858154326 
1.8652346094 -9.1407656306 8.9087363495 2.3771750870 
1.8641545662 -9.1423856954 8.9099963999 2.3811352454 
1.8652346094 -9.1431057242 8.9087363495 2.3813152526 
1.8657746310 -9.1440057602 8.9096363855 2.3834753390 
1.8664946598 -9.1409456378 8.9081963279 2.3841953678 
1.8630745230 -9.1413056522 8.9081963279 2.3787951518 
1.8634345374 -9.1387855514 8.9105364215 2.3847353894 
1.8655946238 -9.1427457098 8.9098163927 2.3807752310 
1.8623544942 -9.1422056882 8.9105364215 2.3845553822 
1.8627145086 -9.1432857314 8.9108964359 2.3827553102 
1.8655946238 -9.1420256810 8.9081963279 2.3811352454 
1.8650546022 -9.1431057242 8.9087363495 2.3834753390 
1.8652346094 -9.1420256810 8.9103564143 2.3834753390 
1.8643345734 -9.1411256450 8.9072962919 2.3840153606 
1.8654146166 -9.1423856954 8.9074762991 2.3865354614 
1.8654146166 -9.1438257530 8.9071162847 2.3834753390 
1.8636145446 -9.1420256810 8.9080163207 2.3865354614 
1.8643345734 -9.1400456018 8.9085563423 2.3832953318 
1.8591143646 -9.1422056882 8.9081963279 2.3827553102 
1.8639745590 -9.1409456378 8.9085563423 2.3832953318 
1.8636145446 -9.1443657746 8.9107164287 2.3856354254 
1.8664946598 -9.1416656666 8.9074762991 2.3841953678 
1.8605544222 -9.1411256450 8.9085563423 2.3852754110 
1.8655946238 -9.1429257170 8.9103564143 2.3849153966 
1.8657746310 -9.1423856954 8.9110764431 2.3854554182 
1.8673946958 -9.1404056162 8.9087363495 2.3814952598 
1.8637945518 -9.1422056882 8.9083763351 2.3838353534 
1.8654146166 -9.1431057242 8.9105364215 2.3843753750 
1.8639745590 -9.1454458178 8.9105364215 2.3849153966 
1.8668546742 -9.1420256810 8.9071162847 2.3829353174 
1.8585743430 -9.1407656306 8.9101764071 2.3814952598 
1.8673946958 -9.1420256810 8.9087363495 2.3861754470 
1.8639745590 -9.1486859474 8.9074762991 2.3849153966 
1.8650546022 -9.1405856234 8.9081963279 2.3845553822 
1.8654146166 -9.1400456018 8.9103564143 2.3840153606 
1.8636145446 -9.1422056882 8.9116164647 2.3870754830 
1.8637945518 -9.1432857314 8.9094563783 2.3816752670 
1.8618144726 -9.1431057242 8.9103564143 2.3816752670 
1.8632545302 -9.1396855874 8.9114364575 2.3832953318 
1.8655946238 -9.1398655946 8.9094563783 2.3823952958 
1.8637945518 -9.1396855874 8.9098163927 2.3834753390 
1.8646945878 -9.1402256090 8.9099963999 2.3840153606 
1.8655946238 -9.1422056882 8.9103564143 2.3834753390 
1.8646945878 -9.1447257890 8.9054962198 2.3820352814 
1.8637945518 -9.1398655946 8.9076563063 2.3827553102 
1.8664946598 -9.1405856234 8.9089163567 2.3847353894 
1.8666746670 -9.1481459258 8.9081963279 2.3771750870 
