1.0001200048 -9.5400216009 9.5160806432 2.5165006600 
1.0003000120 -9.5382215289 9.5146405856 2.5202808112 
1.0017400696 -9.5385815433 9.5150006000 2.5179407176 
0.9979599184 -9.5371414857 9.5153606144 2.5181207248 
0.9997599904 -9.5375015001 9.5135605424 2.5202808112 
0.9999399976 -9.5376815073 9.5144605784 2.5157806312 
1.0013800552 -9.5394815793 9.5157206288 2.5143405736 
1.0031801272 -9.5376815073 9.5195007800 2.5210008400 
1.0012000480 -9.5375015001 9.5157206288 2.5181207248 
0.9974198968 -9.5393015721 9.5159006360 2.5190207608 
0.9997599904 -9.5384015361 9.5160806432 2.5163206528 
1.0017400696 -9.5427217089 9.5142805712 2.5183007320 
0.9995799832 -9.5396615865 9.5177007080 2.5202808112 
1.0010200408 -9.5382215289 9.5128405136 2.5170406816 
1.0003000120 -9.5402016081 9.5175207008 2.5168606744 
0.9995799832 -9.5411016441 9.5177007080 2.5193807752 
1.0008400336 -9.5400216009 9.5160806432 2.5163206528 
1.0024600984 -9.5400216009 9.5162606504 2.5202808112 
1.0013800552 -9.5378615145 9.5187807512 2.5188407536 
0.9999399976 -9.5393015721 9.5160806432 2.5192007680 
0.9979599184 -9.5389415577 9.5182407296 2.5183007320 
0.9986799472 -9.5382215289 9.5121204848 2.5179407176 
1.0004800192 -9.5405616225 9.5146405856 2.5179407176 
0.9995799832 -9.5376815073 9.5150006000 2.5172206888 
0.9999399976 -9.5421816873 9.5162606504 2.5121804872 
0.9997599904 -9.5423616945 9.5151806072 2.5192007680 
1.0017400696 -9.5418216729 9.5169806792 2.5127205088 
0.9990399616 -9.5420016801 9.5169806792 2.5190207608 
1.0031801272 -9.5409216369 9.5153606144 2.5224408976 
1.0006600264 -9.5391215649 9.5153606144 2.5145205808 
1.0019200768 -9.5398415937 9.5094203768 2.5184807392 
0.9999399976 -9.5412816513 9.5168006720 2.5190207608 
0.9975999040 -9.5398415937 9.5177007080 2.5107404296 
1.0008400336 -9.5394815793 9.5175207008 2.5125405016 
1.0021000840 -9.5396615865 9.5169806792 2.5120004800 
0.9999399976 -9.5394815793 9.5142805712 2.5184807392 
1.0008400336 -9.5378615145 9.5166206648 2.5161406456 
0.9988599544 -9.5371414857 9.5155406216 2.5125405016 
1.0003000120 -9.5396615865 9.5173406936 2.5208208328 
1.0013800552 -9.5396615865 9.5162606504 2.5172206888 
0.9990399616 -9.5384015361 9.5135605424 2.5195607824 
1.0004800192 -9.5400216009 9.5144605784 2.5219008760 
0.9981399256 -9.5402016081 9.5119404776 2.5168606744 
0.9986799472 -9.5393015721 9.5171606864 2.5210008400 
1.0030001200 -9.5403816153 9.5150006000 2.5161406456 
1.0033601344 -9.5378615145 9.5168006720 2.5184807392 
0.9990399616 -9.5400216009 9.5162606504 2.5175807032 
0.9986799472 -9.5387615505 9.5135605424 2.5157806312 
0.9993999760 -9.5402016081 9.5153606144 2.5163206528 
1.0019200768 -9.5411016441 9.5135605424 2.5150606024 
0.9995799832 -9.5402016081 9.5169806792 2.5174006960 
