-1.3673346934 -9.5285011400 10.9528981159 2.5804032161 
-1.3666146646 -9.5265210608 10.9539781591 2.5775231009 
-1.3669746790 -9.5313812553 10.9548781951 2.5805832233 
-1.3684147366 -9.5276011040 10.9516380655 2.5787831513 
-1.3669746790 -9.5270610824 10.9530781231 2.5744629785 
-1.3730949238 -9.5290411616 10.9530781231 2.5804032161 
-1.3622944918 -9.5304812192 10.9570382815 2.5778831153 
-1.3637345494 -9.5303012120 10.9516380655 2.5789631585 
-1.3676947078 -9.5283211328 10.9496579863 2.5771630865 
-1.3700348014 -9.5297611904 10.9505580223 2.5796831873 
-1.3680547222 -9.5294011760 10.9500180007 2.5771630865 
-1.3628345134 -9.5256210248 10.9507380295 2.5735629425 
-1.3660746430 -9.5283211328 10.9543381735 2.5773430937 
-1.3660746430 -9.5292211688 10.9503780151 2.5777031081 
-1.3693147726 -9.5281411256 10.9516380655 2.5798631945 
-1.3669746790 -9.5276011040 10.9528981159 2.5802232089 
-1.3644545782 -9.5315612625 10.9525381015 2.5786031441 
-1.3642745710 -9.5276011040 10.9550582023 2.5782431297 
-1.3657146286 -9.5294011760 10.9449777991 2.5804032161 
-1.3648145926 -9.5290411616 10.9521780871 2.5786031441 
-1.3669746790 -9.5295811832 10.9532581303 2.5759030361 
-1.3644545782 -9.5306612264 10.9521780871 2.5780631225 
-1.3626545062 -9.5285011400 10.9555982239 2.5800432017 
-1.3667946718 -9.5288611544 10.9478579143 2.5811232449 
-1.3655346214 -9.5294011760 10.9561382455 2.5793231729 
-1.3651746070 -9.5288611544 10.9519980799 2.5780631225 
-1.3666146646 -9.5283211328 10.9519980799 2.5769830793 
-1.3658946358 -9.5279611184 10.9563182527 2.5748229929 
-1.3666146646 -9.5326413057 10.9503780151 2.5811232449 
-1.3642745710 -9.5333613345 10.9525381015 2.5787831513 
-1.3631945278 -9.5303012120 10.9532581303 2.5800432017 
-1.3660746430 -9.5286811472 10.9514580583 2.5816632665 
-1.3655346214 -9.5292211688 10.9532581303 2.5771630865 
-1.3653546142 -9.5288611544 10.9532581303 2.5805832233 
-1.3646345854 -9.5263410536 10.9519980799 2.5791431657 
-1.3655346214 -9.5294011760 10.9521780871 2.5802232089 
-1.3649945998 -9.5317412697 10.9534381375 2.5791431657 
-1.3664346574 -9.5321012841 10.9536181447 2.5813032521 
-1.3624744990 -9.5292211688 10.9541581663 2.5800432017 
-1.3657146286 -9.5299411976 10.9527181087 2.5786031441 
-1.3651746070 -9.5297611904 10.9510980439 2.5780631225 
-1.3673346934 -9.5306612264 10.9527181087 2.5805832233 
-1.3635545422 -9.5285011400 10.9460578423 2.5809432377 
-1.3640945638 -9.5304812192 10.9516380655 2.5791431657 
-1.3646345854 -9.5281411256 10.9498379935 2.5757230289 
-1.3693147726 -9.5283211328 10.9537981519 2.5780631225 
-1.3631945278 -9.5268810752 10.9537981519 2.5804032161 
-1.3693147726 -9.5274210968 10.9501980079 2.5816632665 
-1.3660746430 -9.5301212048 10.9519980799 2.5793231729 
-1.3637345494 -9.5281411256 10.9519980799 2.5782431297 
-1.3639145566 -9.5279611184 10.9519980799 2.5780631225 
