1 0.1952966671 1.2808057768 0.3110589772 
2 0.4324290061 1.3604257143 0.4226550291 
3 0.3137151773 1.3104183364 0.3421320552 
4 0.4689316694 1.3642586370 0.4148696666 
5 0.3908712003 1.3282218947 0.3536980330 
6 0.5435892146 1.3830327827 0.4261311625 
7 0.4244843618 1.3316578781 0.3443883010 
8 0.6767630566 1.4235153182 0.4627744658 
1 0.1951660403 1.2809808208 0.3109308940 
2 0.4320263365 1.3603903764 0.4226786770 
3 0.3137759128 1.3104679280 0.3421578352 
4 0.4687673837 1.3642839603 0.4147514777 
5 0.3895206803 1.3277406887 0.3533411718 
6 0.5448201412 1.3833884971 0.4263733793 
7 0.4241000981 1.3316410928 0.3443253485 
8 0.6762216083 1.4235908183 0.4625372669 
1 0.1951701310 1.2810049234 0.3110014418 
2 0.4321148057 1.3603337340 0.4227139858 
3 0.3144203021 1.3106619930 0.3422810988 
4 0.4690488358 1.3642872288 0.4148989686 
5 0.3902518813 1.3279213393 0.3534168872 
6 0.5445926783 1.3835695989 0.4263348932 
7 0.4244613414 1.3315559334 0.3444687655 
8 0.6750101398 1.4231565218 0.4621701703 
1 0.1948079674 1.2809660100 0.3109113030 
2 0.4319047261 1.3605195627 0.4224871168 
3 0.3142749045 1.3105667148 0.3421913334 
4 0.4685806721 1.3641612236 0.4147339528 
5 0.3904041588 1.3278166984 0.3535224651 
6 0.5448655439 1.3834672080 0.4262624265 
7 0.4242795588 1.3315251150 0.3442220317 
8 0.6753763558 1.4232315079 0.4622352596 
1 0.1950037655 1.2809700025 0.3109933956 
2 0.4325033631 1.3604887742 0.4227600139 
3 0.3140121588 1.3105570371 0.3420774829 
4 0.4687650024 1.3640812302 0.4146447829 
5 0.3903948168 1.3277775598 0.3535048810 
6 0.5454374060 1.3836500960 0.4263302920 
7 0.4237886090 1.3316525061 0.3441282270 
8 0.6757577848 1.4236539608 0.4623528142 
1 0.1948816497 1.2809024506 0.3109651832 
2 0.4314907899 1.3602704348 0.4225359765 
3 0.3138423361 1.3104415024 0.3420976209 
4 0.4681917447 1.3641536084 0.4146086526 
5 0.3901863842 1.3279964549 0.3534501203 
6 0.5444952501 1.3833821696 0.4262803580 
7 0.4250691877 1.3316693146 0.3446258328 
8 0.6766724599 1.4236600198 0.4625430381 
1 0.1950635065 1.2809908755 0.3108965117 
2 0.4320332093 1.3604804543 0.4226353687 
3 0.3139096636 1.3104683657 0.3420718201 
4 0.4687007854 1.3641832664 0.4147548682 
5 0.3908137115 1.3280984127 0.3536030110 
6 0.5452893034 1.3833128230 0.4265675017 
7 0.4244240781 1.3317857446 0.3444282483 
8 0.6758891544 1.4233690595 0.4624244523 
1 0.1951744317 1.2810034975 0.3109668031 
2 0.4324546281 1.3606132029 0.4225478938 
3 0.3141127148 1.3105856973 0.3420168883 
4 0.4688740224 1.3642652869 0.4147732705 
5 0.3904979852 1.3278664162 0.3536111480 
6 0.5452672155 1.3835525407 0.4265827961 
7 0.4241051439 1.3315726095 0.3442817872 
8 0.6756838846 1.4234221968 0.4622921167 
1 0.1950804787 1.2810470459 0.3109860951 
2 0.4320646429 1.3605723788 0.4225681854 
3 0.3142115454 1.3105637327 0.3420856863 
4 0.4684380271 1.3641444899 0.4147585879 
5 0.3904839945 1.3280448491 0.3536100330 
6 0.5446748488 1.3834018832 0.4263242032 
7 0.4253867370 1.3319627347 0.3446798769 
8 0.6757122843 1.4234576395 0.4622762408 
1 0.1951243309 1.2808442362 0.3109657371 
2 0.4323672616 1.3603971541 0.4227065044 
3 0.3140541865 1.3102950348 0.3421725936 
4 0.4697999334 1.3645455184 0.4151117531 
5 0.3896204486 1.3276069710 0.3533580795 
6 0.5447663502 1.3833607950 0.4262779499 
7 0.4240809827 1.3316004807 0.3442786330 
8 0.6760146696 1.4233989515 0.4624793523 
1 0.1953240965 1.2811519270 0.3108875497 
2 0.4323963617 1.3606656427 0.4226989186 
3 0.3135450879 1.3104035306 0.3421014649 
4 0.4689908989 1.3642879047 0.4147529796 
5 0.3903925851 1.3278515064 0.3535415013 
6 0.5446737467 1.3834215584 0.4264196502 
7 0.4243455527 1.3316057771 0.3443719701 
8 0.6759111192 1.4234636895 0.4624031040 
1 0.1953979097 1.2810957467 0.3111174944 
2 0.4320230612 1.3604050662 0.4225957571 
3 0.3138678627 1.3103305894 0.3421394462 
4 0.4686427028 1.3641618771 0.4146969141 
5 0.3903749335 1.3278607966 0.3535971086 
6 0.5450047448 1.3834571483 0.4265186553 
7 0.4240362513 1.3316615003 0.3442607675 
8 0.6752935942 1.4233791976 0.4622023277 
1 0.1951995170 1.2812225625 0.3110351634 
2 0.4319650526 1.3602558009 0.4226371030 
3 0.3139673557 1.3103488490 0.3420095130 
4 0.4685035707 1.3642038573 0.4146046771 
5 0.3901925168 1.3278478346 0.3535129661 
6 0.5453186447 1.3834013426 0.4265606151 
7 0.4244087277 1.3318205049 0.3443559335 
8 0.6759013254 1.4234569600 0.4623618493 
1 0.1948805530 1.2808020742 0.3109405772 
2 0.4322416487 1.3606229978 0.4224657448 
3 0.3140522737 1.3103985456 0.3421644878 
4 0.4685635940 1.3642410099 0.4147649864 
5 0.3906036478 1.3280830592 0.3535117544 
6 0.5446054152 1.3833131332 0.4263582062 
7 0.4244887944 1.3317633871 0.3443347455 
8 0.6751075494 1.4232032509 0.4622621255 
1 0.1956761917 1.2809475994 0.3113342187 
2 0.4321644050 1.3605023527 0.4225077955 
3 0.3142296999 1.3105507284 0.3422388260 
4 0.4685905265 1.3641573164 0.4147245569 
5 0.3903598536 1.3280185720 0.3534787800 
6 0.5458701488 1.3835253249 0.4267491325 
7 0.4240605008 1.3316127921 0.3443137897 
8 0.6761084850 1.4233862190 0.4625266374 
1 0.1952328537 1.2811304937 0.3110630312 
2 0.4318441022 1.3604562874 0.4225161681 
3 0.3137931121 1.3105017588 0.3420110725 
4 0.4682612804 1.3638134093 0.4145899497 
5 0.3901836907 1.3277859145 0.3535293728 
6 0.5443678789 1.3832992825 0.4262626055 
7 0.4246782789 1.3317763687 0.3444617325 
8 0.6750001344 1.4234343592 0.4623159441 
1 0.1953276250 1.2809397908 0.3111254551 
2 0.4319367528 1.3603715754 0.4225831798 
3 0.3146238329 1.3105537357 0.3424218775 
4 0.4689489383 1.3643803783 0.4148092675 
5 0.3901243138 1.3278948007 0.3534094746 
6 0.5448436973 1.3835565034 0.4264163633 
7 0.4245366937 1.3318335641 0.3443366003 
8 0.6751189436 1.4233273693 0.4623174681 
1 0.1950329265 1.2810336233 0.3109106832 
2 0.4325163165 1.3606255613 0.4227793917 
3 0.3141317443 1.3105149214 0.3421797662 
4 0.4689825722 1.3641642099 0.4148183215 
5 0.3906135768 1.3280268136 0.3535706039 
6 0.5447864936 1.3834709417 0.4263662410 
7 0.4243192548 1.3316442637 0.3443446826 
8 0.6751703720 1.4232585204 0.4623128695 
1 0.1954600274 1.2810306261 0.3112485398 
2 0.4320869494 1.3604650129 0.4225442271 
3 0.3140023485 1.3105009278 0.3420660833 
4 0.4684376842 1.3641431047 0.4147361518 
5 0.3906269449 1.3279578859 0.3536332966 
6 0.5443776877 1.3832015478 0.4262735725 
7 0.4241970304 1.3317182883 0.3442773888 
8 0.6756307782 1.4233779540 0.4623786810 
1 0.1952187103 1.2811540411 0.3110456539 
2 0.4323240059 1.3605503231 0.4226734454 
3 0.3143023920 1.3105812239 0.3421773610 
5 0.3902093255 1.3280181310 0.3534167668 
6 0.5445752124 1.3833998643 0.4263384326 
7 0.4243686128 1.3316109731 0.3443515191 
8 0.6762652322 1.4235415798 0.4624215292 
1 0.1955224750 1.2809880477 0.3112607401 
2 0.4321537040 1.3605422679 0.4225989603 
3 0.3138550061 1.3103607441 0.3421638259 
4 0.4691256733 1.3640712903 0.4149653581 
5 0.3903526713 1.3278748667 0.3535548165 
6 0.5456537385 1.3835367648 0.4266912009 
7 0.4250884301 1.3317886928 0.3445840192 
8 0.6746657126 1.4231328752 0.4622154361 
1 0.1948006915 1.2810000657 0.3108866739 
2 0.4321119207 1.3604544793 0.4226704904 
3 0.3136834592 1.3105774360 0.3420550767 
4 0.4689285901 1.3641475492 0.4148133050 
5 0.3903371980 1.3279391889 0.3535471671 
6 0.5454961918 1.3835973723 0.4266572750 
7 0.4244011134 1.3315876346 0.3443745641 
8 0.6757310393 1.4234519081 0.4623959623 
1 0.1950860898 1.2810021162 0.3110201880 
2 0.4324336435 1.3604888783 0.4227141123 
3 0.3140666042 1.3104724862 0.3421346170 
4 0.4691251022 1.3643429427 0.4148543994 
5 0.3904991649 1.3279745012 0.3535333945 
6 0.5455918390 1.3835981403 0.4267154877 
7 0.4241429135 1.3315960317 0.3443123241 
8 0.6762629921 1.4234699767 0.4625999102 
1 0.1952107897 1.2809920645 0.3110007488 
2 0.4322704928 1.3604728105 0.4227230296 
3 0.3140785222 1.3106055594 0.3421476565 
4 0.4685460071 1.3642350903 0.4147354290 
5 0.3905880971 1.3280442976 0.3536264713 
6 0.5449056580 1.3835550836 0.4264318979 
7 0.4240470592 1.3314765574 0.3442587895 
8 0.6758658058 1.4234874079 0.4623891405
