11.69416713 -9.44632816 -1.30145204 -7.60890483
11.69956779 -9.44227790 -1.30145204 -7.60890483
11.70226860 -9.44632816 -1.29875194 -7.60755395
11.69821834 -9.44632816 -1.30145204 -7.60620450
11.70226860 -9.44497776 -1.29740190 -7.60755395
11.69821834 -9.44362735 -1.30010199 -7.60755395
11.70091819 -9.44497776 -1.30010199 -7.61430454
11.69821834 -9.44362735 -1.30145204 -7.60890483
11.69821834 -9.44632816 -1.30280208 -7.61025428
11.69821834 -9.44497776 -1.30010199 -7.61160421
11.69686794 -9.44362735 -1.29875194 -7.60890483
11.69956779 -9.44362735 -1.30010199 -7.60755395
11.69281768 -9.44497776 -1.29875194 -7.60890483
11.69551753 -9.44497776 -1.30010199 -7.61025428
11.70226860 -9.44497776 -1.29875194 -7.61160421
11.70091819 -9.44362735 -1.30010199 -7.60755395
11.70091819 -9.44362735 -1.30010199 -7.61025428
11.70091819 -9.44632816 -1.30010199 -7.60890483
11.69146728 -9.45037746 -1.29875194 -7.61025428
11.69551753 -9.44227790 -1.30145204 -7.61025428
11.69686794 -9.44497776 -1.30280208 -7.61025428
11.69686794 -9.44497776 -1.30685222 -7.61025428
11.69821834 -9.44497776 -1.30010199 -7.60755395
11.69821834 -9.44497776 -1.29875194 -7.60890483
11.69821834 -9.44497776 -1.29740190 -7.61025428
11.70091819 -9.44767761 -1.30010199 -7.61025428
11.69416713 -9.44362735 -1.30145204 -7.60755395
11.70091819 -9.44227790 -1.30010199 -7.60890483
11.69956779 -9.44362735 -1.29875194 -7.60890483
11.69956779 -9.44497776 -1.30145204 -7.61160421
11.69956779 -9.44497776 -1.30415213 -7.60890483
11.69821834 -9.44497776 -1.30010199 -7.61700487
11.70091819 -9.44362735 -1.30550217 -7.61025428
11.69956779 -9.44227790 -1.30415213 -7.60890483
11.69821834 -9.44497776 -1.30010199 -7.61025428
11.69956779 -9.44767761 -1.29875194 -7.60755395
11.69956779 -9.44632816 -1.30010199 -7.61430454
11.69956779 -9.44497776 -1.30010199 -7.60890483
11.69686794 -9.44362735 -1.30010199 -7.61025428
11.69821834 -9.44902801 -1.30145204 -7.60890483
11.69146728 -9.44632816 -1.29875194 -7.61160421
11.69956779 -9.44632816 -1.30280208 -7.60620450
11.69551753 -9.44497776 -1.30145204 -7.60890483
11.69821834 -9.44497776 -1.30145204 -7.60620450
11.69956779 -9.44362735 -1.30685222 -7.60755395
11.69956779 -9.44902801 -1.30010199 -7.60620450
11.69821834 -9.44362735 -1.29875194 -7.61025428
11.69956779 -9.44632816 -1.30010199 -7.60620450
11.69956779 -9.44497776 -1.30010199 -7.60890483
11.70091819 -9.44632816 -1.30010199 -7.60890483
11.70091819 -9.44497776 -1.30145204 -7.60890483
11.69956779 -9.44632816 -1.30145204 -7.60755395
11.70091819 -9.44362735 -1.30010199 -7.61160421
11.69686794 -9.44632816 -1.30145204 -7.60890483
11.69821834 -9.44362735 -1.30010199 -7.60890483
11.70091819 -9.44362735 -1.29740190 -7.61025428
11.69686794 -9.44362735 -1.30550217 -7.60890483
11.69821834 -9.44632816 -1.30145204 -7.60890483
11.70091819 -9.44632816 -1.30145204 -7.60755395
11.70091819 -9.44632816 -1.29875194 -7.60890483
11.69956779 -9.44632816 -1.29875194 -7.61160421
11.70091819 -9.44632816 -1.30280208 -7.61025428
11.69956779 -9.44767761 -1.30415213 -7.61160421
11.70091819 -9.44497776 -1.30010199 -7.60890483
11.69956779 -9.44497776 -1.29740190 -7.60755395
11.70091819 -9.44362735 -1.30280208 -7.60890483
11.69956779 -9.44632816 -1.29875194 -7.60890483
11.69956779 -9.44767761 -1.29875194 -7.60620450
11.69956779 -9.44632816 -1.30010199 -7.60890483
11.69956779 -9.44632816 -1.30010199 -7.60755395
11.69821834 -9.44497776 -1.30010199 -7.61025428
11.70091819 -9.44497776 -1.30145204 -7.60890483
11.69821834 -9.45172882 -1.29875194 -7.61025428
11.69821834 -9.44632816 -1.30010199 -7.61160421
11.69281768 -9.44902801 -1.29875194 -7.60890483
11.69821834 -9.44632816 -1.30280208 -7.61025428
11.69686794 -9.44497776 -1.30010199 -7.60890483
11.69821834 -9.44497776 -1.30280208 -7.60890483
11.69956779 -9.44497776 -1.30550217 -7.60620450
11.69956779 -9.44497776 -1.30280208 -7.60890483
11.69686794 -9.44227790 -1.30010199 -7.60890483
11.69686794 -9.44632816 -1.29875194 -7.61160421
11.69146728 -9.44362735 -1.29875194 -7.61025428
11.70091819 -9.44497776 -1.30010199 -7.61025428
11.70091819 -9.44497776 -1.29875194 -7.60890483
11.69956779 -9.44632816 -1.30145204 -7.61025428
11.69821834 -9.44632816 -1.30010199 -7.60755395
11.69821834 -9.44632816 -1.30010199 -7.60890483
11.69956779 -9.45172882 -1.30280208 -7.61160421
11.70091819 -9.44632816 -1.30010199 -7.61160421
11.69821834 -9.45307826 -1.30145204 -7.61160421
11.70091819 -9.44362735 -1.30145204 -7.61025428
11.69821834 -9.44092750 -1.29875194 -7.61565446
11.69821834 -9.44362735 -1.30550217 -7.60890483
11.69956779 -9.44227790 -1.30010199 -7.60890483
11.69956779 -9.44632816 -1.29740190 -7.60755395
11.69956779 -9.44632816 -1.30145204 -7.61025428
11.69821834 -9.44497776 -1.30415213 -7.61430454
11.69821834 -9.44497776 -1.30010199 -7.60890483
11.69821834 -9.44497776 -1.30145204 -7.61430454
11.69821834 -9.44497776 -1.30145204 -7.61565446
11.69821834 -9.44497776 -1.29740190 -7.61025428
11.70226860 -9.44497776 -1.30280208 -7.60890483
11.69821834 -9.44632816 -1.29875194 -7.60755395
11.69821834 -9.44632816 -1.29875194 -7.60890483
11.69686794 -9.44362735 -1.30145204 -7.61025428
11.69821834 -9.44632816 -1.29875194 -7.60755395
11.69821834 -9.44497776 -1.29875194 -7.60755395
11.69956779 -9.44632816 -1.30010199 -7.60755395
11.69821834 -9.44497776 -1.30010199 -7.60890483
11.70091819 -9.44632816 -1.30145204 -7.61025428
11.69821834 -9.44497776 -1.30010199 -7.61160421
11.69821834 -9.45172882 -1.30010199 -7.60755395
11.69956779 -9.44497776 -1.30145204 -7.60890483
11.69416713 -9.44497776 -1.29875194 -7.61025428
11.69956779 -9.44497776 -1.29605186 -7.61025428
11.69956779 -9.44632816 -1.29740190 -7.61025428
11.69956779 -9.44632816 -1.29740190 -7.61160421
11.70091819 -9.44497776 -1.29875194 -7.60890483
11.70091819 -9.44632816 -1.30010199 -7.61160421
11.69956779 -9.44632816 -1.30145204 -7.61025428
11.69956779 -9.44902801 -1.30415213 -7.61025428
11.69956779 -9.44632816 -1.30145204 -7.61025428
11.69956779 -9.44497776 -1.30010199 -7.61160421
11.69956779 -9.45037746 -1.30280208 -7.61025428
11.69956779 -9.44227790 -1.29740190 -7.61025428
11.69956779 -9.44497776 -1.30685222 -7.61025428
11.69686794 -9.44497776 -1.30145204 -7.60890483
11.69956779 -9.44632816 -1.30010199 -7.60890483
11.69956779 -9.44497776 -1.30550217 -7.61025428
11.69821834 -9.44497776 -1.30010199 -7.61025428
11.69821834 -9.44362735 -1.29875194 -7.61025428
11.69956779 -9.44362735 -1.30280208 -7.60890483
11.69956779 -9.44497776 -1.29875194 -7.61025428
11.69686794 -9.44497776 -1.30685222 -7.61025428
11.69281768 -9.44497776 -1.29875194 -7.61025428
11.70091819 -9.44632816 -1.30010199 -7.60890483
11.70091819 -9.44632816 -1.30145204 -7.61025428
11.70631885 -9.44497776 -1.29875194 -7.61025428
11.69956779 -9.44632816 -1.30145204 -7.61025428
11.70496845 -9.44767761 -1.30145204 -7.61295461
11.69956779 -9.44632816 -1.30280208 -7.61025428
11.69821834 -9.44497776 -1.30010199 -7.60890483
11.69956779 -9.44362735 -1.30010199 -7.61025428
11.69686794 -9.44497776 -1.30010199 -7.60890483
11.69956779 -9.44632816 -1.30010199 -7.60755395
11.69551753 -9.44902801 -1.30010199 -7.60755395
11.69956779 -9.44632816 -1.29875194 -7.60755395
11.69686794 -9.44767761 -1.30010199 -7.61295461
