1 0.4304577822 0.3227098965 -0.0004728011 
2 0.4052044585 0.3207317070 -0.1361662063 
3 0.4738217841 0.3231153657 -0.0250128752 
4 0.4578259656 0.3220137766 -0.1108300650 
5 0.5211080073 0.3247109361 -0.0248193368 
6 0.5047155926 0.3232189816 -0.1111596721 
7 0.5739479560 0.3274221146 -0.0003620037 
8 0.5478682120 0.3249369301 -0.1359219502 
1 0.4305965647 0.3226776764 -0.0004523938 
2 0.4051590240 0.3208734338 -0.1360737431 
3 0.4738416662 0.3231995965 -0.0249334346 
4 0.4577327504 0.3221104925 -0.1109558562 
5 0.5215481350 0.3247313135 -0.0250022425 
6 0.5049929386 0.3234279059 -0.1111365326 
7 0.5737156648 0.3275521664 -0.0004005884 
8 0.5478197063 0.3249966461 -0.1359637833 
1 0.4305453452 0.3227657617 -0.0003722517 
2 0.4053832111 0.3207686790 -0.1363397652 
3 0.4739089402 0.3232838404 -0.0250994215 
4 0.4579801835 0.3219529481 -0.1107842170 
5 0.5212973862 0.3248675796 -0.0249612236 
6 0.5052306441 0.3232854794 -0.1110618261 
7 0.5736986078 0.3271955224 -0.0004028803 
8 0.5478605596 0.3249816762 -0.1358313291 
1 0.4307513295 0.3227358002 -0.0004451077 
2 0.4051768325 0.3207655722 -0.1363698676 
3 0.4738442821 0.3231420765 -0.0249450746 
4 0.4577832373 0.3219412849 -0.1107913711 
5 0.5212455070 0.3249134834 -0.0251043718 
6 0.5051884347 0.3232599915 -0.1111152261 
7 0.5737665127 0.3274390907 -0.0002375930 
8 0.5476906931 0.3249589592 -0.1358506063 
1 0.4306604996 0.3226801563 -0.0001982806 
2 0.4053588165 0.3207087509 -0.1361605467 
3 0.4741946686 0.3229969925 -0.0248775681 
4 0.4577499761 0.3219533076 -0.1108771168 
5 0.5211061219 0.3245650178 -0.0247629811 
6 0.5049844911 0.3233551815 -0.1111752720 
7 0.5737253311 0.3276013945 -0.0004714314 
8 0.5480772404 0.3247346806 -0.1359886877 
1 0.4305219386 0.3228001740 -0.0002960938 
2 0.4053552745 0.3207492613 -0.1363733607 
3 0.4739561768 0.3229900937 -0.0252959533 
4 0.4575309968 0.3220914493 -0.1110480300 
5 0.5213179050 0.3249374757 -0.0249479475 
6 0.5049868531 0.3233220700 -0.1111969197 
7 0.5737354570 0.3276921565 -0.0002974676 
8 0.5476098012 0.3248709804 -0.1359337453 
1 0.4305910545 0.3227301740 -0.0003167324 
2 0.4054529709 0.3207819589 -0.1363585396 
3 0.4736916988 0.3232811152 -0.0250405258 
4 0.4575482991 0.3219884461 -0.1111023612 
5 0.5212099044 0.3248484191 -0.0249955883 
6 0.5048695177 0.3234274636 -0.1110513524 
7 0.5737293868 0.3274999981 -0.0003033245 
8 0.5476631654 0.3250143215 -0.1358568799 
1 0.4306740091 0.3227481110 -0.0004592297 
2 0.4053597941 0.3207793757 -0.1360954187 
3 0.4738313814 0.3231980591 -0.0250417628 
4 0.4576669186 0.3220398453 -0.1109065892 
5 0.5213693368 0.3249058719 -0.0249574068 
6 0.5048086080 0.3233945757 -0.1111529620 
7 0.5737454804 0.3275882404 -0.0003564028 
8 0.5477490013 0.3248940251 -0.1359121226 
1 0.4305926599 0.3226592638 -0.0002060075 
2 0.4053231778 0.3207520678 -0.1364565429 
3 0.4738463731 0.3233062598 -0.0250885891 
4 0.4580218793 0.3218870196 -0.1109129018 
5 0.5209104861 0.3246656284 -0.0251062718 
6 0.5045314069 0.3232272003 -0.1111459991 
7 0.5737955838 0.3275068578 -0.0003529284 
8 0.5477890335 0.3250606541 -0.1360102223 
1 0.4305080154 0.3227644449 -0.0004095790 
2 0.4055362347 0.3208720286 -0.1363524934 
3 0.4738240032 0.3231790385 -0.0250481125 
4 0.4576766870 0.3220588126 -0.1108948381 
5 0.5213424749 0.3249017642 -0.0249422793 
6 0.5049087765 0.3234554633 -0.1111877599 
7 0.5739645001 0.3273954238 -0.0003080045 
8 0.5476362220 0.3249437128 -0.1358748102 
1 0.4305002829 0.3227375550 -0.0005241145 
2 0.4051607132 0.3207498837 -0.1363696664 
3 0.4737577427 0.3231504429 -0.0250536079 
4 0.4576641829 0.3219808785 -0.1110462816 
5 0.5210228021 0.3247590419 -0.0249068615 
6 0.5049064487 0.3233692289 -0.1112066159 
7 0.5738434764 0.3275347262 -0.0004753958 
8 0.5475832846 0.3245040761 -0.1358049741 
1 0.4304598821 0.3226696065 -0.0003976814 
2 0.4052751411 0.3208096954 -0.1362660386 
3 0.4738438936 0.3232135155 -0.0249112552 
4 0.4575703277 0.3219219390 -0.1108858556 
5 0.5212287442 0.3248230230 -0.0250022080 
6 0.5051932669 0.3231144307 -0.1111001838 
7 0.5736796147 0.3275319990 -0.0003971906 
8 0.5478003240 0.3250238537 -0.1359059392 
1 0.4303567980 0.3227342023 -0.0004103448 
2 0.4053589335 0.3207211731 -0.1362758812 
3 0.4738293309 0.3232439973 -0.0250264742 
4 0.4576722647 0.3220852052 -0.1110023006 
5 0.5210521642 0.3248199926 -0.0249891923 
6 0.5050598433 0.3234656408 -0.1110767315 
7 0.5735991732 0.3275485396 -0.0004536368 
8 0.5474796688 0.3248861995 -0.1358976549 
1 0.4305155569 0.3227549306 -0.0002269528 
2 0.4049434717 0.3205505085 -0.1363614855 
3 0.4733730006 0.3230573830 -0.0249989801 
4 0.4574946090 0.3221016661 -0.1109863585 
5 0.5210560873 0.3247868882 -0.0249876277 
6 0.5050173272 0.3233414492 -0.1111770651 
7 0.5736956703 0.3275259250 -0.0003543456 
8 0.5477084999 0.3249451334 -0.1359040977 
1 0.4305959042 0.3227161936 -0.0003284803 
2 0.4052570760 0.3208210072 -0.1363229434 
3 0.4737195397 0.3231803543 -0.0248327822 
4 0.4576434921 0.3220273467 -0.1109528592 
5 0.5210527800 0.3249199344 -0.0249678303 
6 0.5049047105 0.3233796929 -0.1112236014 
7 0.5736960193 0.3276272133 -0.0003649515 
8 0.5475290680 0.3248972153 -0.1358907021 
1 0.4308127108 0.3225942578 -0.0003402243 
2 0.4051736895 0.3207625148 -0.1363367177 
3 0.4738117677 0.3231905586 -0.0249382172 
4 0.4576597849 0.3220307059 -0.1110197555 
5 0.5212576887 0.3248681413 -0.0249412075 
6 0.5053149956 0.3232769139 -0.1110395367 
7 0.5736711538 0.3275547349 -0.0004064998 
8 0.5474754696 0.3248902321 -0.1358747479 
1 0.4304110085 0.3226262319 -0.0004019635 
2 0.4051908444 0.3207009758 -0.1363170215 
3 0.4737168805 0.3232591035 -0.0249413567 
4 0.4572463177 0.3220229015 -0.1109003293 
5 0.5211848561 0.3248937320 -0.0247623815 
6 0.5047146092 0.3232773170 -0.1109231724 
7 0.5737099712 0.3275438053 -0.0002775276 
8 0.5477470829 0.3249741105 -0.1359469142 
1 0.4303615016 0.3226899985 -0.0004581312 
2 0.4052107440 0.3208187346 -0.1364061973 
3 0.4738698717 0.3231808212 -0.0250056154 
4 0.4576186054 0.3219674926 -0.1108568586 
5 0.5214565441 0.3248758338 -0.0249513680 
6 0.5049980691 0.3234066397 -0.1111530146 
7 0.5738406765 0.3275330904 -0.0004372287 
8 0.5479730584 0.3248486691 -0.1359487063 
1 0.4301723215 0.3225700887 -0.0005697403 
2 0.4052297450 0.3206872488 -0.1362291070 
3 0.4737449241 0.3231878563 -0.0249639298 
4 0.4577876818 0.3219549654 -0.1107903426 
5 0.5212565309 0.3249001905 -0.0249952051 
6 0.5048205119 0.3233138510 -0.1109157975 
7 0.5737003345 0.3275383350 -0.0004203637 
8 0.5475141929 0.3249105793 -0.1358539105 
1 0.4305408704 0.3227165127 -0.0003886889 
2 0.4053241945 0.3209322041 -0.1362141237 
3 0.4742442962 0.3229955509 -0.0250324801 
4 0.4577689883 0.3220128090 -0.1109120387 
5 0.5212390736 0.3248960987 -0.0249356055 
6 0.5047056833 0.3231885586 -0.1112215499 
7 0.5738270376 0.3275553091 -0.0003795986 
8 0.5476938206 0.3249773265 -0.1359679274 
1 0.4305823195 0.3227691249 -0.0004027871 
2 0.4053739293 0.3208228545 -0.1363126841 
3 0.4737151993 0.3231148112 -0.0249530662 
4 0.4577200005 0.3220072479 -0.1108184839 
5 0.5213535196 0.3249194518 -0.0248701831 
6 0.5048997285 0.3233493363 -0.1109194595 
7 0.5738391455 0.3275763629 -0.0002953389 
8 0.5478966222 0.3247746399 -0.1359453680 
1 0.4306219033 0.3228037099 -0.0004025414 
2 0.4052549098 0.3208516588 -0.1361740412 
3 0.4736394189 0.3231333050 -0.0250180466 
4 0.4576262309 0.3221009859 -0.1109508396 
5 0.5212274584 0.3249324372 -0.0248855340 
6 0.5050172443 0.3233711374 -0.1111472198 
7 0.5735992475 0.3274039675 -0.0003066723 
8 0.5475937396 0.3248863063 -0.1359279876 
1 0.4306834964 0.3227639504 -0.0004427342 
2 0.4053359985 0.3207969152 -0.1363528144 
3 0.4738651859 0.3232101637 -0.0250579197 
4 0.4575502120 0.3219976204 -0.1109991844 
5 0.5212489555 0.3248940266 -0.0249381914 
6 0.5051845514 0.3233569948 -0.1113181285 
7 0.5736084107 0.3276366816 -0.0002318951 
8 0.5476626651 0.3248960957 -0.1358369747 
1 0.4306932263 0.3226585521 -0.0003992721 
2 0.4053716933 0.3208257987 -0.1362990775 
3 0.4738262268 0.3232611832 -0.0251737725 
4 0.4578055624 0.3220446400 -0.1108666915 
5 0.5214198193 0.3249695965 -0.0249139422 
6 0.5050589089 0.3233383810 -0.1110397315 
7 0.5734349524 0.3273562001 -0.0004633125 
8 0.5476977000 0.3248621170 -0.1361251112 
1 0.4303861081 0.3227635187 -0.0004340420 
2 0.4053777263 0.3207182143 -0.1361468953 
3 0.4737037361 0.3232198838 -0.0251306107 
4 0.4577211384 0.3220021943 -0.1108045189 
5 0.5214549316 0.3249695816 -0.0249159659 
6 0.5049991597 0.3233606416 -0.1111367719 
7 0.5737755325 0.3275280016 -0.0004857048 
8 0.5476786479 0.3249094127 -0.1359629831 
1 0.4304803043 0.3228063102 -0.0003131662 
2 0.4054723133 0.3207627174 -0.1362758555 
3 0.4736673812 0.3231541449 -0.0249052557 
4 0.4578663866 0.3219120135 -0.1109207593 
5 0.5212210963 0.3248923527 -0.0250527905 
6 0.5048552687 0.3234315689 -0.1111448549 
7 0.5737497009 0.3275920705 -0.0003719799 
8 0.5476235124 0.3249306715 -0.1359505263 
1 0.4306067440 0.3226537483 -0.0003920832 
2 0.4053410819 0.3208242718 -0.1363445387 
3 0.4739792721 0.3232798688 -0.0248821483 
4 0.4576466377 0.3219651191 -0.1108073967 
5 0.5214501463 0.3248535882 -0.0249441122 
6 0.5048737084 0.3232879518 -0.1112448680 
7 0.5736370259 0.3276627197 -0.0003396736 
8 0.5476299527 0.3249867811 -0.1359136082 
1 0.4310122684 0.3226224424 -0.0003484640 
2 0.4054607565 0.3207688171 -0.1361249328 
3 0.4737186199 0.3231350270 -0.0250955682 
4 0.4577594049 0.3220231933 -0.1107646787 
5 0.5212104563 0.3248692455 -0.0249081156 
6 0.5051544509 0.3235099845 -0.1111510517 
7 0.5737424622 0.3275799402 -0.0002347449 
8 0.5475201110 0.3248641433 -0.1360149473 
1 0.4304528136 0.3226543357 -0.0004777232 
2 0.4054528011 0.3208221155 -0.1361018697 
3 0.4736880456 0.3231344226 -0.0250236006 
4 0.4576681440 0.3220412873 -0.1107863183 
5 0.5214845750 0.3250021574 -0.0249391369 
6 0.5050471484 0.3234913314 -0.1110557446 
7 0.5736520958 0.3275484017 -0.0003777858 
8 0.5475427628 0.3249841080 -0.1359468390 
1 0.4306430453 0.3229000495 -0.0002883289 
2 0.4053824007 0.3207609950 -0.1363759608 
3 0.4740307221 0.3232422407 -0.0249444323 
4 0.4576925673 0.3220100288 -0.1109924144 
5 0.5212454728 0.3248355589 -0.0249264769 
6 0.5049779476 0.3234201060 -0.1111368112 
7 0.5737904364 0.3276012502 -0.0003218563 
8 0.5477346586 0.3249271424 -0.1360428478 
1 0.4306542501 0.3228661137 -0.0003363910 
2 0.4055437607 0.3208640566 -0.1361475238 
3 0.4738457571 0.3233071976 -0.0250029633 
4 0.4574578225 0.3218536638 -0.1108198701 
5 0.5213152195 0.3248598913 -0.0249071857 
6 0.5049969582 0.3234413117 -0.1112607937 
7 0.5738496513 0.3277323915 -0.0003028380 
8 0.5475830212 0.3249267581 -0.1359929083 
1 0.4303504601 0.3226011227 -0.0003937316 
2 0.4054193622 0.3209144262 -0.1363486432 
3 0.4737394680 0.3231790720 -0.0250000700 
4 0.4575768901 0.3220063017 -0.1108073374 
5 0.5210795164 0.3248500866 -0.0249255038 
6 0.5050436127 0.3234395225 -0.1110809133 
7 0.5736222297 0.3275719192 -0.0005240209 
8 0.5476742148 0.3249267930 -0.1360279291 
1 0.4304270761 0.3228200994 -0.0001970813 
2 0.4054514393 0.3208019579 -0.1362042924 
3 0.4736984134 0.3231801029 -0.0248171692 
4 0.4577190987 0.3219315018 -0.1108286017 
5 0.5212731816 0.3247739955 -0.0248957099 
6 0.5049101399 0.3234985522 -0.1112870921 
7 0.5736669731 0.3276270263 -0.0003694077 
8 0.5475733517 0.3249359471 -0.1359823452 
1 0.4306961138 0.3227786030 -0.0003734938 
2 0.4051673746 0.3207568078 -0.1363717174 
3 0.4739224806 0.3232161824 -0.0249031475 
4 0.4580133873 0.3218011385 -0.1108826947 
5 0.5214735230 0.3248432231 -0.0249485012 
6 0.5052214683 0.3231972878 -0.1112339805 
7 0.5736752941 0.3276353935 -0.0002958855 
8 0.5477672096 0.3250278521 -0.1358407482 
1 0.4306350292 0.3227195585 -0.0003067450 
2 0.4053022682 0.3207624628 -0.1363442967 
3 0.4741180263 0.3231368448 -0.0251373061 
4 0.4575161241 0.3219729171 -0.1106708091 
5 0.5212538658 0.3248058762 -0.0250633563 
6 -6.7017773277 4.2038257122 -4.0612761634 
7 0.5735638670 0.3274645618 -0.0001591139 
8 0.5476100073 0.3250085335 -0.1360505151 
1 0.4305460598 0.3226884147 -0.0003426201 
2 0.4054321937 0.3207017830 -0.1362715955 
3 0.4737908168 0.3231571017 -0.0250646519 
4 0.4576455987 0.3219786016 -0.1108998349 
5 0.5213056796 0.3248142975 -0.0249384919 
6 0.5052686449 0.3232352713 -0.1111705448 
7 0.5736008594 0.3275752875 -0.0004242247 
8 -2.9025502371 1.5828038134 -1.1801945166 
1 0.4303307828 0.3227102018 -0.0002596824 
2 0.4057237149 0.3205554981 -0.1363082315 
3 0.4738861252 0.3230614563 -0.0251891055 
4 0.4576579712 0.3219930412 -0.1108293469 
5 0.5212757010 0.3249318485 -0.0249287490 
6 0.5049495471 0.3233412166 -0.1111303724 
7 0.5735113218 0.3275243231 -0.0005287670 
8 0.5477077776 0.3249939879 -0.1358989371 
1 0.4305465574 0.3227466642 -0.0004252286 
2 0.4051459661 0.3207828227 -0.1362490697 
3 0.4738849887 0.3230627914 -0.0248336945 
4 0.4577492531 0.3220127593 -0.1108872706 
5 0.5212864316 0.3247963757 -0.0247792742 
6 0.5048614301 0.3233540936 -0.1110900558 
7 0.5735505382 0.3275138404 -0.0003781104 
8 0.5477725751 0.3249342736 -0.1359130491 
1 0.4305982237 0.3226621724 -0.0004798566 
2 0.4055110327 0.3208336417 -0.1363088249 
3 0.4736252255 0.3231445153 -0.0252620213 
4 0.4574794784 0.3219901873 -0.1109834667 
5 0.5213908943 0.3248361859 -0.0248028322 
6 0.5049025584 0.3233576153 -0.1111409267 
7 0.5738007599 0.3274182854 -0.0004250389 
8 0.5474532546 0.3249962874 -0.1360105249
