pp0 0.0629598963 0.3265434910 -0.1120334921
pp1 0.1343431313 0.3450583623 -0.5033924232
p0 -0.4216410357 0.0250000000 -0.2146896933
p1 0.6696854846 0.0250000000 -0.4208885449
1 0.1240222245 0.0250000000 -0.3177891191 
pp0 0.0871031662 0.3426233436 0.0241901198
pp1 0.1604107793 0.3305128083 -0.3644698018
p0 -0.4236209743 0.0250000000 -0.0622437446
p1 0.6717736368 0.0250000000 -0.2584987152
2 0.1240763312 0.0250000000 -0.1603712299 
pp0 0.0216840619 0.3293483975 -0.0876007348
pp1 0.0933048159 0.3399566454 -0.4757416266
p0 -0.4746541710 0.0250000000 -0.1875044618
p1 0.6097597477 0.0250000000 -0.3890520917
3 0.0675527883 0.0250000000 -0.2882782767 
pp0 0.0372820077 0.3394006256 -0.0006398906
pp1 0.1101382773 0.3306260795 -0.3873708102
p0 -0.4755800640 0.0250000000 -0.0901245759
p1 0.6116021807 0.0250000000 -0.2859656276
4 0.0680110584 0.0250000000 -0.1880451017 
pp0 -0.0239202358 0.3304370143 -0.0870988445
pp1 0.0477047559 0.3387778665 -0.4738086992
p0 -0.5295464819 0.0250000000 -0.1873369950
p1 0.5523433840 0.0250000000 -0.3871091691
5 0.0113984511 0.0250000000 -0.2872230821 
pp0 -0.0080194174 0.3403541356 -0.0003753702
pp1 0.0647938909 0.3294028578 -0.3854625608
p0 -0.5301475957 0.0250000000 -0.0901325736
p1 0.5547582677 0.0250000000 -0.2841620542
6 0.0123053360 0.0250000000 -0.1871473139 
pp0 -0.0740181869 0.3291593214 -0.1120451508
pp1 -0.0029347435 0.3406644942 -0.4961638552
p0 -0.5851007839 0.0250000000 -0.2157342342
p1 0.4947676858 0.0250000000 -0.4135158936
7 -0.0451665491 0.0250000000 -0.3146250639 
pp0 -0.0497270955 0.3446621335 0.0243347002
pp1 0.0231681705 0.3259804741 -0.3570694911
p0 -0.5871532417 0.0250000000 -0.0627225570
p1 0.4983021697 0.0250000000 -0.2515178614
8 -0.0444255360 0.0250000000 -0.1571202092
